topology: 23 36 36 23 10 5 5
error: 0 0.120128 100
0 0 0 7.82637e-06 -8.39852e-47
0 0 1 0.131538 -8.80546e-49
0 0 2 0.755605 -1.1883e-48
0 0 3 0.45865 -5.84984e-47
0 0 4 0.532767 -7.20642e-47
0 0 5 0.218959 -4.96178e-48
0 0 6 0.0470446 -5.75833e-48
0 0 7 0.678865 -3.21138e-47
0 0 8 0.679296 -3.35832e-48
0 0 9 0.934693 -2.66789e-46
0 0 10 0.383502 -2.65437e-48
0 0 11 0.519416 -9.0224e-49
0 0 12 0.830965 -1.05775e-46
0 0 13 0.0345721 -4.75165e-48
0 0 14 0.0534616 -4.37158e-47
0 0 15 0.5297 -4.09415e-47
0 0 16 0.671149 -1.5714e-47
0 0 17 0.00769819 -5.78491e-48
0 0 18 0.383416 -7.72591e-48
0 0 19 0.0668422 -1.18731e-48
0 0 20 0.417486 -1.14507e-47
0 0 21 0.686773 -3.02931e-48
0 0 22 0.588977 -6.27742e-49
0 0 23 0.930436 -1.75192e-47
0 0 24 0.846167 -4.52352e-47
0 0 25 0.526929 -3.38041e-47
0 0 26 0.0919649 -2.33864e-47
0 0 27 0.653919 -1.18609e-47
0 0 28 0.415999 -1.01854e-47
0 0 29 0.701191 -1.63495e-48
0 0 30 0.910321 -1.45888e-48
0 0 31 0.762198 -7.05283e-47
0 0 32 0.262453 -1.86525e-48
0 0 33 0.0474645 -9.69686e-48
0 0 34 0.736082 -6.38863e-48
0 0 35 0.328234 -5.7597e-48
0 1 0 0.632639 2.33611e-41
0 1 1 0.75641 2.4493e-43
0 1 2 0.991037 3.30533e-43
0 1 3 0.365339 1.62717e-41
0 1 4 0.247039 2.00452e-41
0 1 5 0.98255 1.38015e-42
0 1 6 0.72266 1.60172e-42
0 1 7 0.753356 8.93269e-42
0 1 8 0.651519 9.34141e-43
0 1 9 0.0726859 7.42092e-41
0 1 10 0.631635 7.38331e-43
0 1 11 0.884707 2.50965e-43
0 1 12 0.27271 2.9422e-41
0 1 13 0.436411 1.32171e-42
0 1 14 0.766495 1.21599e-41
0 1 15 0.477732 1.13882e-41
0 1 16 0.237774 4.37097e-42
0 1 17 0.274907 1.60912e-42
0 1 18 0.359265 2.14902e-42
0 1 19 0.166507 3.30258e-43
0 1 20 0.486517 3.18508e-42
0 1 21 0.897656 8.42626e-43
0 1 22 0.909208 1.74611e-43
0 1 23 0.0605643 4.8731e-42
0 1 24 0.904653 1.25825e-41
0 1 25 0.504523 9.40285e-42
0 1 26 0.516292 6.5051e-42
0 1 27 0.319033 3.29918e-42
0 1 28 0.986642 2.83313e-42
0 1 29 0.493977 4.54772e-43
0 1 30 0.266145 4.05798e-43
0 1 31 0.0907329 1.9618e-41
0 1 32 0.947764 5.18834e-43
0 1 33 0.0737491 2.69725e-42
0 1 34 0.500707 1.77704e-42
0 1 35 0.384142 1.6021e-42
0 2 0 0.277082 -9.68589e-47
0 2 1 0.913817 -1.01552e-48
0 2 2 0.529747 -1.37044e-48
0 2 3 0.464446 -6.74652e-47
0 2 4 0.94098 -8.31105e-47
0 2 5 0.050084 -5.72234e-48
0 2 6 0.761514 -6.64099e-48
0 2 7 0.770205 -3.70364e-47
0 2 8 0.827817 -3.8731e-48
0 2 9 0.125365 -3.07683e-46
0 2 10 0.0158677 -3.06124e-48
0 2 11 0.688455 -1.04054e-48
0 2 12 0.868247 -1.21988e-46
0 2 13 0.629543 -5.48e-48
0 2 14 0.736225 -5.04168e-47
0 2 15 0.725412 -4.72171e-47
0 2 16 0.999458 -1.81227e-47
0 2 17 0.888572 -6.67165e-48
0 2 18 0.233195 -8.91017e-48
0 2 19 0.306322 -1.3693e-48
0 2 20 0.351015 -1.32059e-47
0 2 21 0.513274 -3.49366e-48
0 2 22 0.591114 -7.23965e-49
0 2 23 0.845982 -2.02047e-47
0 2 24 0.412081 -5.21691e-47
0 2 25 0.841511 -3.89857e-47
0 2 26 0.269317 -2.69712e-47
0 2 27 0.415395 -1.36789e-47
0 2 28 0.537304 -1.17466e-47
0 2 29 0.467917 -1.88556e-48
0 2 30 0.287212 -1.6825e-48
0 2 31 0.178328 -8.13392e-47
0 2 32 0.15372 -2.15117e-48
0 2 33 0.571655 -1.11832e-47
0 2 34 0.802406 -7.3679e-48
0 2 35 0.0330538 -6.64257e-48
0 3 0 0.53445 8.64118e-46
0 3 1 0.49848 9.05988e-48
0 3 2 0.955361 1.22262e-47
0 3 3 0.748293 6.01884e-46
0 3 4 0.554584 7.41463e-46
0 3 5 0.890737 5.10511e-47
0 3 6 0.624849 5.92469e-47
0 3 7 0.84204 3.30416e-46
0 3 8 0.159768 3.45537e-47
0 3 9 0.212752 2.74498e-45
0 3 10 0.71471 2.73105e-47
0 3 11 0.130427 9.28312e-48
0 3 12 0.0909903 1.08831e-45
0 3 13 0.274588 4.88895e-47
0 3 14 0.0029996 4.49792e-46
0 3 15 0.414293 4.21244e-46
0 3 16 0.0268763 1.61681e-46
0 3 17 0.70982 5.95204e-47
0 3 18 0.937897 7.94909e-47
0 3 19 0.239911 1.22162e-47
0 3 20 0.180896 1.17815e-46
0 3 21 0.31754 3.11685e-47
0 3 22 0.886991 6.45876e-48
0 3 23 0.652059 1.80254e-46
0 3 24 0.150335 4.65424e-46
0 3 25 0.681346 3.47807e-46
0 3 26 0.385815 2.40622e-46
0 3 27 0.387725 1.22036e-46
0 3 28 0.499741 1.04797e-46
0 3 29 0.147533 1.68219e-47
0 3 30 0.587187 1.50103e-47
0 3 31 0.845576 7.25658e-46
0 3 32 0.590109 1.91914e-47
0 3 33 0.955409 9.97698e-47
0 3 34 0.556146 6.57321e-47
0 3 35 0.148152 5.92614e-47
0 4 0 0.983305 4.55853e-115
0 4 1 0.408767 3.83014e-115
0 4 2 0.14182 0
0 4 3 0.564899 0
0 4 4 0.252126 8.26393e-115
0 4 5 0.488515 0
0 4 6 0.464031 1.1232e-117
0 4 7 0.961095 0
0 4 8 0.126031 6.80202e-108
0 4 9 0.199757 5.04856e-108
0 4 10 0.31925 0
0 4 11 0.629269 1.06463e-107
0 4 12 0.126712 1.97597e-105
0 4 13 0.651254 1.24099e-110
0 4 14 0.621634 2.54249e-104
0 4 15 0.803073 5.04287e-112
0 4 16 0.247842 9.35e-106
0 4 17 0.476432 3.45299e-120
0 4 18 0.389314 0
0 4 19 0.20325 3.30274e-110
0 4 20 0.0283752 1.98308e-108
0 4 21 0.901673 9.94842e-113
0 4 22 0.426497 0
0 4 23 0.142021 3.31147e-118
0 4 24 0.947487 1.34228e-107
0 4 25 0.410313 2.48167e-117
0 4 26 0.131189 1.96251e-111
0 4 27 0.885648 7.07522e-113
0 4 28 0.0921736 1.37859e-113
0 4 29 0.162199 2.40936e-108
0 4 30 0.0710636 1.05308e-116
0 4 31 0.365339 0
0 4 32 0.253057 2.94953e-116
0 4 33 0.135109 0
0 4 34 0.783153 6.81708e-116
0 4 35 0.455307 4.94722e-108
0 5 0 0.349524 8.67268e-115
0 5 1 0.4523 5.51857e-115
0 5 2 0.808945 0
0 5 3 0.931674 0
0 5 4 0.651646 1.10824e-114
0 5 5 0.215248 0
0 5 6 0.679592 1.12727e-117
0 5 7 0.908922 0
0 5 8 0.250126 9.55501e-108
0 5 9 0.86086 7.14598e-108
0 5 10 0.471262 0
0 5 11 0.505956 2.00391e-107
0 5 12 0.600394 2.81133e-105
0 5 13 0.817561 2.20276e-110
0 5 14 0.755844 4.86284e-104
0 5 15 0.462245 9.57448e-112
0 5 16 0.951367 1.4333e-105
0 5 17 0.632739 3.4635e-120
0 5 18 0.43933 0
0 5 19 0.824697 4.64958e-110
0 5 20 0.688981 2.63391e-108
0 5 21 0.702207 2.08875e-112
0 5 22 0.987145 0
0 5 23 0.954415 3.32381e-118
0 5 24 0.85127 3.17751e-107
0 5 25 0.289316 2.49243e-117
0 5 26 0.537426 2.56913e-111
0 5 27 0.514435 1.4432e-112
0 5 28 0.103434 1.73811e-113
0 5 29 0.414028 3.41083e-108
0 5 30 0.576717 1.27037e-116
0 5 31 0.876566 0
0 5 32 0.440039 3.79293e-116
0 5 33 0.729748 0
0 5 34 0.869264 1.18396e-115
0 5 35 0.715642 8.08696e-108
0 6 0 0.80072 1.9078e-97
0 6 1 0.706535 7.98939e-100
0 6 2 0.741716 2.66288e-101
0 6 3 0.0190924 1.23959e-97
0 6 4 0.886031 1.83922e-98
0 6 5 0.524987 1.4196e-99
0 6 6 0.463323 1.33087e-98
0 6 7 0.0651939 1.70916e-98
0 6 8 0.713422 1.0679e-97
0 6 9 0.488943 1.94558e-96
0 6 10 0.667679 1.34141e-99
0 6 11 0.682049 3.18196e-98
0 6 12 0.199555 2.0144e-95
0 6 13 0.916634 1.69764e-98
0 6 14 0.865883 9.45872e-96
0 6 15 0.890019 4.11801e-97
0 6 16 0.543948 9.56766e-96
0 6 17 0.139195 1.82123e-99
0 6 18 0.450347 1.62458e-100
0 6 19 0.989362 2.42362e-98
0 6 20 0.215532 7.21739e-97
0 6 21 0.446023 3.86606e-98
0 6 22 0.315732 7.63372e-101
0 6 23 0.514659 6.4406e-99
0 6 24 0.881504 1.97469e-97
0 6 25 0.439726 2.40527e-98
0 6 26 0.467532 4.65635e-97
0 6 27 0.80665 1.04063e-97
0 6 28 0.365158 1.03952e-97
0 6 29 0.211519 8.30304e-97
0 6 30 0.999117 2.67518e-99
0 6 31 0.153604 4.08558e-99
0 6 32 0.630488 1.14172e-99
0 6 33 0.61635 2.66016e-100
0 6 34 0.000595042 4.72591e-98
0 6 35 0.000879 1.00338e-96
0 7 0 0.773352 3.24997e-93
0 7 1 0.727335 1.08007e-95
0 7 2 0.319178 1.72706e-96
0 7 3 0.417724 1.2624e-93
0 7 4 0.682494 3.68537e-94
0 7 5 0.680562 5.74391e-95
0 7 6 0.205262 1.65036e-94
0 7 7 0.83642 2.84989e-94
0 7 8 0.708921 4.07822e-94
0 7 9 0.828708 6.42638e-93
0 7 10 0.0945488 3.16084e-95
0 7 11 0.0817376 7.86449e-95
0 7 12 0.764005 2.62692e-92
0 7 13 0.629572 1.33695e-94
0 7 14 0.213852 2.40798e-92
0 7 15 0.213547 4.69228e-93
0 7 16 0.0810608 1.51999e-92
0 7 17 0.388823 1.97093e-95
0 7 18 0.95216 7.1941e-96
0 7 19 0.947545 1.70827e-94
0 7 20 0.389854 1.08509e-93
0 7 21 0.269215 1.58551e-94
0 7 22 0.692169 2.07178e-96
0 7 23 0.284035 9.4857e-95
0 7 24 0.776866 9.95019e-94
0 7 25 0.783865 4.00668e-94
0 7 26 0.42246 2.72458e-93
0 7 27 0.282156 9.90583e-94
0 7 28 0.193967 7.24568e-94
0 7 29 0.0113162 1.1946e-93
0 7 30 0.191824 6.46518e-95
0 7 31 0.983236 7.63279e-95
0 7 32 0.244054 1.6584e-95
0 7 33 0.819726 1.52552e-95
0 7 34 0.136455 2.23223e-94
0 7 35 0.398144 1.18404e-93
0 8 0 0.60101 4.46749e-85
0 8 1 0.17688 1.17437e-87
0 8 2 0.828355 1.08168e-87
0 8 3 0.157731 3.25687e-85
0 8 4 0.987937 4.95633e-86
0 8 5 0.257169 4.22348e-86
0 8 6 0.233599 1.72507e-86
0 8 7 0.101637 2.05132e-85
0 8 8 0.219411 7.7502e-87
0 8 9 0.634717 1.95351e-85
0 8 10 0.696007 4.42026e-87
0 8 11 0.79477 5.84343e-88
0 8 12 0.696243 3.80501e-85
0 8 13 0.75294 4.3217e-87
0 8 14 0.669521 1.06229e-85
0 8 15 0.63343 1.65939e-85
0 8 16 0.0564407 6.51995e-86
0 8 17 0.598217 4.09623e-87
0 8 18 0.227008 1.01449e-86
0 8 19 0.318778 6.77306e-87
0 8 20 0.699834 1.52454e-86
0 8 21 0.117437 3.87302e-87
0 8 22 0.762571 1.55201e-87
0 8 23 0.526123 1.27915e-86
0 8 24 0.553911 2.06175e-86
0 8 25 0.587989 1.21705e-85
0 8 26 0.329666 1.14998e-85
0 8 27 0.702989 3.34481e-86
0 8 28 0.143045 3.87731e-86
0 8 29 0.161688 8.42093e-87
0 8 30 0.485325 5.47454e-87
0 8 31 0.860226 6.93273e-86
0 8 32 0.813266 1.53843e-87
0 8 33 0.556836 1.90136e-86
0 8 34 0.738997 1.47059e-86
0 8 35 0.316007 1.40922e-86
0 9 0 0.135332 1.75555e-41
0 9 1 0.528548 1.84061e-43
0 9 2 0.310739 2.4839e-43
0 9 3 0.588119 1.22279e-41
0 9 4 0.518084 1.50636e-41
0 9 5 0.430848 1.03716e-42
0 9 6 0.258843 1.20367e-42
0 9 7 0.370226 6.71277e-42
0 9 8 0.393018 7.01992e-43
0 9 9 0.446866 5.5767e-41
0 9 10 0.475896 5.54844e-43
0 9 11 0.387831 1.88596e-43
0 9 12 0.279293 2.21102e-41
0 9 13 0.0782632 9.93241e-43
0 9 14 0.369742 9.13795e-42
0 9 15 0.253922 8.55802e-42
0 9 16 0.671784 3.28471e-42
0 9 17 0.676237 1.20922e-42
0 9 18 0.513936 1.61495e-42
0 9 19 0.728608 2.48184e-43
0 9 20 0.720768 2.39354e-42
0 9 21 0.944753 6.3322e-43
0 9 22 0.460697 1.31217e-43
0 9 23 0.940163 3.66206e-42
0 9 24 0.32156 9.45555e-42
0 9 25 0.460434 7.06609e-42
0 9 26 0.517145 4.88848e-42
0 9 27 0.661355 2.47928e-42
0 9 28 0.401833 2.12906e-42
0 9 29 0.60564 3.41754e-43
0 9 30 0.986503 3.04951e-43
0 9 31 0.150394 1.47426e-41
0 9 32 0.670098 3.89895e-43
0 9 33 0.343818 2.02694e-42
0 9 34 0.54171 1.33542e-42
0 9 35 0.522808 1.20395e-42
0 10 0 0.829239 0
0 10 1 0.0149506 0
0 10 2 0.27421 0
0 10 3 0.642979 0
0 10 4 0.546137 0
0 10 5 0.917848 0
0 10 6 0.266613 0
0 10 7 0.970087 0
0 10 8 0.246733 0
0 10 9 0.843975 0
0 10 10 0.694024 0
0 10 11 0.455752 0
0 10 12 0.817101 -2.16319e-141
0 10 13 0.0220837 0
0 10 14 0.160749 -2.71951e-133
0 10 15 0.70695 0
0 10 16 0.707826 -8.91872e-137
0 10 17 0.436638 0
0 10 18 0.582421 0
0 10 19 0.75171 0
0 10 20 0.991533 0
0 10 21 0.695679 0
0 10 22 0.279512 0
0 10 23 0.753863 0
0 10 24 0.171179 0
0 10 25 0.00425392 0
0 10 26 0.495691 0
0 10 27 0.0799169 0
0 10 28 0.163081 0
0 10 29 0.903301 0
0 10 30 0.782992 0
0 10 31 0.746679 0
0 10 32 0.436426 0
0 10 33 0.00634169 0
0 10 34 0.584787 0
0 10 35 0.518478 0
0 11 0 0.0668498 1.79356e-41
0 11 1 0.544023 1.88047e-43
0 11 2 0.389731 2.53768e-43
0 11 3 0.215826 1.24927e-41
0 11 4 0.385769 1.53898e-41
0 11 5 0.626861 1.05962e-42
0 11 6 0.659053 1.22973e-42
0 11 7 0.70932 6.85813e-42
0 11 8 0.538661 7.17193e-43
0 11 9 0.280289 5.69746e-41
0 11 10 0.815932 5.66858e-43
0 11 11 0.37191 1.9268e-43
0 11 12 0.686102 2.25889e-41
0 11 13 0.310169 1.01475e-42
0 11 14 0.00934752 9.33582e-42
0 11 15 0.103797 8.74333e-42
0 11 16 0.52096 3.35584e-42
0 11 17 0.77588 1.23541e-42
0 11 18 0.220685 1.64992e-42
0 11 19 0.0552788 2.53558e-43
0 11 20 0.0706349 2.44537e-42
0 11 21 0.160274 6.46931e-43
0 11 22 0.723764 1.34058e-43
0 11 23 0.297022 3.74135e-42
0 11 24 0.0506026 9.66029e-42
0 11 25 0.477804 7.2191e-42
0 11 26 0.457162 4.99433e-42
0 11 27 0.519988 2.53297e-42
0 11 28 0.44649 2.17516e-42
0 11 29 0.150312 3.49154e-43
0 11 30 0.285942 3.11554e-43
0 11 31 0.833682 1.50618e-41
0 11 32 0.695637 3.98338e-43
0 11 33 0.577776 2.07083e-42
0 11 34 0.681164 1.36434e-42
0 11 35 0.331175 1.23002e-42
0 12 0 0.0574753 8.95577e-84
0 12 1 0.986883 1.3958e-86
0 12 2 0.542393 3.09796e-86
0 12 3 0.00165742 5.87638e-84
0 12 4 0.856193 1.56191e-84
0 12 5 0.0293555 5.47132e-85
0 12 6 0.37755 3.74174e-85
0 12 7 0.489652 2.91423e-84
0 12 8 0.576173 8.32286e-86
0 12 9 0.738959 8.85012e-84
0 12 10 0.679332 1.45636e-85
0 12 11 0.536267 4.20913e-86
0 12 12 0.0355877 8.8659e-84
0 12 13 0.122507 3.51771e-85
0 12 14 0.973356 2.08111e-84
0 12 15 0.188276 3.33164e-84
0 12 16 0.351319 9.31892e-85
0 12 17 0.614126 1.97525e-85
0 12 18 0.607611 3.42776e-85
0 12 19 0.125933 1.05229e-85
0 12 20 0.552862 4.91734e-85
0 12 21 0.954028 8.72786e-86
0 12 22 0.356925 6.75881e-86
0 12 23 0.838102 5.35347e-85
0 12 24 0.974252 8.06183e-85
0 12 25 0.259014 5.12067e-84
0 12 26 0.251528 3.54957e-84
0 12 27 0.424336 7.02501e-85
0 12 28 0.813048 4.496e-85
0 12 29 0.897914 9.84581e-86
0 12 30 0.244586 1.67059e-85
0 12 31 0.760617 4.31835e-84
0 12 32 0.694856 8.46434e-86
0 12 33 0.451851 5.039e-85
0 12 34 0.26362 4.22973e-85
0 12 35 0.665503 2.11361e-85
0 13 0 0.116571 3.85527e-85
0 13 1 0.209562 1.01344e-87
0 13 2 0.113676 9.33447e-88
0 13 3 0.546975 2.81055e-85
0 13 4 0.00607937 4.27713e-86
0 13 5 0.175974 3.6447e-86
0 13 6 0.599359 1.48867e-86
0 13 7 0.431908 1.77021e-85
0 13 8 0.0825065 6.68813e-87
0 13 9 0.687414 1.68581e-85
0 13 10 0.37531 3.81452e-87
0 13 11 0.836207 5.04266e-88
0 13 12 0.123637 3.28358e-85
0 13 13 0.973346 3.72946e-87
0 13 14 0.0296353 9.16719e-86
0 13 15 0.0803531 1.43199e-85
0 13 16 0.494245 5.62647e-86
0 13 17 0.769437 3.53489e-87
0 13 18 0.93403 8.75463e-87
0 13 19 0.250155 5.8449e-87
0 13 20 0.359658 1.31562e-86
0 13 21 0.769114 3.34227e-87
0 13 22 0.499955 1.33933e-87
0 13 23 0.749252 1.10386e-86
0 13 24 0.671903 1.77921e-86
0 13 25 0.681666 1.05027e-85
0 13 26 0.75677 9.92391e-86
0 13 27 0.0363676 2.88644e-86
0 13 28 0.230572 3.34597e-86
0 13 29 0.221667 7.26694e-87
0 13 30 0.562602 4.72432e-87
0 13 31 0.652622 5.98268e-86
0 13 32 0.61661 1.32761e-87
0 13 33 0.371466 1.6408e-86
0 13 34 0.224801 1.26906e-86
0 13 35 0.233691 1.2161e-86
0 14 0 0.653012 8.95282e-115
0 14 1 0.165928 5.68447e-115
0 14 2 0.744104 0
0 14 3 0.159758 0
0 14 4 0.0476386 1.14019e-114
0 14 5 0.661994 0
0 14 6 0.124945 1.13995e-117
0 14 7 0.949157 0
0 14 8 0.48418 9.87618e-108
0 14 9 0.621046 7.37915e-108
0 14 10 0.914025 0
0 14 11 0.0179445 2.07657e-107
0 14 12 0.593546 2.90798e-105
0 14 13 0.721872 2.27818e-110
0 14 14 0.496582 5.04231e-104
0 14 15 0.0536944 9.90128e-112
0 14 16 0.441633 1.48441e-105
0 14 17 0.519175 3.51047e-120
0 14 18 0.771944 0
0 14 19 0.0653563 4.79933e-110
0 14 20 0.44279 2.71867e-108
0 14 21 0.97718 2.16277e-112
0 14 22 0.467741 0
0 14 23 0.329056 3.35938e-118
0 14 24 0.44593 3.2964e-107
0 14 25 0.743274 2.51942e-117
0 14 26 0.205341 2.64461e-111
0 14 27 0.171379 1.49359e-112
0 14 28 0.37252 1.78622e-113
0 14 29 0.939725 3.52459e-108
0 14 30 0.964851 1.30337e-116
0 14 31 0.254957 0
0 14 32 0.0703352 3.8916e-116
0 14 33 0.123849 0
0 14 34 0.526338 1.222e-115
0 14 35 0.160083 8.36536e-108
0 15 0 0.517707 1.76629e-41
0 15 1 0.105185 1.85188e-43
0 15 2 0.841576 2.4991e-43
0 15 3 0.368562 1.23028e-41
0 15 4 0.42389 1.51558e-41
0 15 5 0.327228 1.04351e-42
0 15 6 0.713547 1.21103e-42
0 15 7 0.576776 6.75386e-42
0 15 8 0.871884 7.06288e-43
0 15 9 0.758246 5.61083e-41
0 15 10 0.836598 5.5824e-43
0 15 11 0.699791 1.8975e-43
0 15 12 0.38906 2.22455e-41
0 15 13 0.935242 9.9932e-43
0 15 14 0.605603 9.19388e-42
0 15 15 0.362084 8.61039e-42
0 15 16 0.539505 3.30482e-42
0 15 17 0.455072 1.21662e-42
0 15 18 0.401692 1.62483e-42
0 15 19 0.24044 2.49703e-43
0 15 20 0.0830857 2.40819e-42
0 15 21 0.421579 6.37095e-43
0 15 22 0.47238 1.3202e-43
0 15 23 0.289766 3.68447e-42
0 15 24 0.104969 9.51342e-42
0 15 25 0.216386 7.10934e-42
0 15 26 0.802019 4.9184e-42
0 15 27 0.527439 2.49446e-42
0 15 28 0.66882 2.14208e-42
0 15 29 0.863643 3.43846e-43
0 15 30 0.24375 3.06817e-43
0 15 31 0.711564 1.48328e-41
0 15 32 0.263663 3.92281e-43
0 15 33 0.382822 2.03934e-42
0 15 34 0.0810055 1.34359e-42
0 15 35 0.459763 1.21132e-42
0 16 0 0.232867 1.73158e-41
0 16 1 0.795353 1.81548e-43
0 16 2 0.491343 2.44998e-43
0 16 3 0.00322878 1.2061e-41
0 16 4 0.266119 1.48579e-41
0 16 5 0.664689 1.023e-42
0 16 6 0.425191 1.18723e-42
0 16 7 0.186825 6.62111e-42
0 16 8 0.963476 6.92406e-43
0 16 9 0.134039 5.50055e-41
0 16 10 0.795856 5.47267e-43
0 16 11 0.946045 1.8602e-43
0 16 12 0.171155 2.18082e-41
0 16 13 0.606001 9.79677e-43
0 16 14 0.0638036 9.01317e-42
0 16 15 0.347492 8.44115e-42
0 16 16 0.292468 3.23986e-42
0 16 17 0.509658 1.19271e-42
0 16 18 0.825837 1.5929e-42
0 16 19 0.834338 2.44795e-43
0 16 20 0.726443 2.36085e-42
0 16 21 0.329434 6.24572e-43
0 16 22 0.802084 1.29425e-43
0 16 23 0.631763 3.61205e-42
0 16 24 0.0453407 9.32642e-42
0 16 25 0.0414204 6.9696e-42
0 16 26 0.153315 4.82172e-42
0 16 27 0.767065 2.44543e-42
0 16 28 0.0617314 2.09998e-42
0 16 29 0.519303 3.37087e-43
0 16 30 0.92915 3.00786e-43
0 16 31 0.220516 1.45413e-41
0 16 32 0.204563 3.84571e-43
0 16 33 0.0889927 1.99926e-42
0 16 34 0.699691 1.31718e-42
0 16 35 0.706461 1.18751e-42
0 17 0 0.494631 2.04715e-99
0 17 1 0.261779 8.0622e-102
0 17 2 0.711571 8.40733e-104
0 17 3 0.378366 1.45881e-99
0 17 4 0.200645 2.85472e-100
0 17 5 0.232608 6.96308e-102
0 17 6 0.436096 2.00613e-100
0 17 7 0.469498 6.12678e-101
0 17 8 0.861187 1.20232e-99
0 17 9 0.977238 1.35963e-98
0 17 10 0.444519 8.81727e-102
0 17 11 0.0342431 2.06051e-99
0 17 12 0.523772 3.94563e-97
0 17 13 0.0316388 4.93231e-100
0 17 14 0.753174 9.3437e-98
0 17 15 0.591588 5.22175e-99
0 17 16 0.822891 1.54637e-97
0 17 17 0.329579 1.24834e-101
0 17 18 0.232078 7.25181e-103
0 17 19 0.536528 7.295e-100
0 17 20 0.430618 2.48689e-98
0 17 21 0.403581 7.02022e-100
0 17 22 0.987325 1.62117e-103
0 17 23 0.96691 4.04801e-101
0 17 24 0.850531 1.45556e-99
0 17 25 0.867514 6.58747e-101
0 17 26 0.311605 4.78398e-99
0 17 27 0.14839 1.6238e-99
0 17 28 0.997599 5.08798e-100
0 17 29 0.639523 1.20361e-98
0 17 30 0.468075 4.76774e-101
0 17 31 0.931915 1.09909e-101
0 17 32 0.690773 7.33306e-102
0 17 33 0.815407 9.85151e-103
0 17 34 0.541535 3.5972e-100
0 17 35 0.572807 1.05125e-98
0 18 0 0.159216 1.75143e-41
0 18 1 0.94525 1.83629e-43
0 18 2 0.821334 2.47807e-43
0 18 3 0.155414 1.21993e-41
0 18 4 0.0410748 1.50283e-41
0 18 5 0.343613 1.03473e-42
0 18 6 0.110019 1.20084e-42
0 18 7 0.0965383 6.69703e-42
0 18 8 0.518773 7.00345e-43
0 18 9 0.022405 5.56362e-41
0 18 10 0.561484 5.53542e-43
0 18 11 0.856876 1.88153e-43
0 18 12 0.516908 2.20583e-41
0 18 13 0.674525 9.90911e-43
0 18 14 0.737175 9.11652e-42
0 18 15 0.69846 8.53794e-42
0 18 16 0.0227995 3.27701e-42
0 18 17 0.191984 1.20639e-42
0 18 18 0.670991 1.61116e-42
0 18 19 0.345872 2.47601e-43
0 18 20 0.0662903 2.38792e-42
0 18 21 0.14071 6.31734e-43
0 18 22 0.921117 1.30909e-43
0 18 23 0.221656 3.65347e-42
0 18 24 0.380115 9.43337e-42
0 18 25 0.586016 7.04952e-42
0 18 26 0.167313 4.87701e-42
0 18 27 0.0263397 2.47347e-42
0 18 28 0.691126 2.12406e-42
0 18 29 0.762344 3.40952e-43
0 18 30 0.713695 3.04235e-43
0 18 31 0.0773243 1.4708e-41
0 18 32 0.589809 3.8898e-43
0 18 33 0.925503 2.02218e-42
0 18 34 0.929698 1.33229e-42
0 18 35 0.430446 1.20113e-42
0 19 0 0.50597 6.57583e-61
0 19 1 0.831256 4.26103e-63
0 19 2 0.919236 4.89231e-63
0 19 3 0.601638 3.91137e-61
0 19 4 0.723836 4.08144e-61
0 19 5 0.519337 3.7032e-62
0 19 6 0.490817 4.54923e-62
0 19 7 0.161419 4.08141e-61
0 19 8 0.976116 1.33466e-62
0 19 9 0.57436 1.94585e-60
0 19 10 0.273251 2.87856e-62
0 19 11 0.531427 6.88073e-63
0 19 12 0.698558 6.42184e-61
0 19 13 0.667049 2.98677e-62
0 19 14 0.0974325 6.43418e-61
0 19 15 0.548736 3.01515e-61
0 19 16 0.610738 1.0781e-61
0 19 17 0.667965 3.5471e-62
0 19 18 0.495125 6.00673e-62
0 19 19 0.571583 8.54555e-63
0 19 20 0.588888 8.0789e-62
0 19 21 0.441313 2.64431e-62
0 19 22 0.151217 8.0736e-63
0 19 23 0.502275 1.36628e-61
0 19 24 0.731364 2.58342e-61
0 19 25 0.0316565 5.25678e-61
0 19 26 0.0516167 3.59749e-61
0 19 27 0.522063 9.20979e-62
0 19 28 0.320642 1.04186e-61
0 19 29 0.0350595 2.62717e-62
0 19 30 0.245142 1.66812e-62
0 19 31 0.107181 9.71964e-61
0 19 32 0.382969 1.74085e-62
0 19 33 0.551829 6.87526e-62
0 19 34 0.597169 4.35478e-62
0 19 35 0.611111 3.98397e-62
0 20 0 0.935252 8.54033e-115
0 20 1 0.77203 5.43893e-115
0 20 2 0.513148 0
0 20 3 0.486681 0
0 20 4 0.650128 1.09278e-114
0 20 5 0.696996 0
0 20 6 0.407538 1.12044e-117
0 20 7 0.48685 0
0 20 8 0.479783 9.40349e-108
0 20 9 0.71045 7.03531e-108
0 20 10 0.534199 0
0 20 11 0.276647 1.97013e-107
0 20 12 0.605538 2.76593e-105
0 20 13 0.280104 2.16732e-110
0 20 14 0.703369 4.77965e-104
0 20 15 0.53049 9.42104e-112
0 20 16 0.938254 1.40947e-105
0 20 17 0.235403 3.44488e-120
0 20 18 0.413494 0
0 20 19 0.597476 4.57838e-110
0 20 20 0.783002 2.59358e-108
0 20 21 0.920252 2.05421e-112
0 20 22 0.681491 0
0 20 23 0.821177 3.30306e-118
0 20 24 0.527413 3.12253e-107
0 20 25 0.23027 2.47421e-117
0 20 26 0.143684 2.53266e-111
0 20 27 0.899521 1.41963e-112
0 20 28 0.251422 1.71465e-113
0 20 29 0.651515 3.35706e-108
0 20 30 0.00481561 1.25408e-116
0 20 31 0.935936 0
0 20 32 0.275353 3.7445e-116
0 20 33 0.858766 0
0 20 34 0.278929 1.16594e-115
0 20 35 0.952431 7.95625e-108
0 21 0 0.50682 1.80104e-41
0 21 1 0.12295 1.8883e-43
0 21 2 0.416475 2.54826e-43
0 21 3 0.702471 1.25448e-41
0 21 4 0.436491 1.54539e-41
0 21 5 0.107739 1.06404e-42
0 21 6 0.766175 1.23485e-42
0 21 7 0.0998656 6.8867e-42
0 21 8 0.441265 7.20181e-43
0 21 9 0.344576 5.72119e-41
0 21 10 0.297064 5.6922e-43
0 21 11 0.757621 1.93482e-43
0 21 12 0.33851 2.2683e-41
0 21 13 0.330758 1.01898e-42
0 21 14 0.0556062 9.37472e-42
0 21 15 0.573183 8.77976e-42
0 21 16 0.485286 3.36982e-42
0 21 17 0.202482 1.24056e-42
0 21 18 0.114475 1.65679e-42
0 21 19 0.974348 2.54614e-43
0 21 20 0.864609 2.45556e-42
0 21 21 0.491841 6.49626e-43
0 21 22 0.367395 1.34617e-43
0 21 23 0.804912 3.75694e-42
0 21 24 0.162204 9.70054e-42
0 21 25 0.15958 7.24918e-42
0 21 26 0.0577229 5.01514e-42
0 21 27 0.149251 2.54352e-42
0 21 28 0.468101 2.18422e-42
0 21 29 0.380608 3.50609e-43
0 21 30 0.883705 3.12852e-43
0 21 31 0.424134 1.51246e-41
0 21 32 0.412248 3.99997e-43
0 21 33 0.651295 2.07946e-42
0 21 34 0.308327 1.37002e-42
0 21 35 0.0601425 1.23515e-42
0 22 0 0.814416 0
0 22 1 0.897657 0
0 22 2 0.919492 0
0 22 3 0.901218 0
0 22 4 0.770046 0
0 22 5 0.170796 0
0 22 6 0.572442 0
0 22 7 0.0314038 0
0 22 8 0.803268 0
0 22 9 0.522215 0
0 22 10 0.861622 0
0 22 11 0.277198 0
0 22 12 0.869494 0
0 22 13 0.586862 0
0 22 14 0.389172 0
0 22 15 0.811895 0
0 22 16 0.52567 0
0 22 17 0.939871 0
0 22 18 0.420038 0
0 22 19 0.579863 0
0 22 20 0.749145 0
0 22 21 0.880784 0
0 22 22 0.338085 0
0 22 23 0.189549 0
0 22 24 0.743126 0
0 22 25 0.718919 0
0 22 26 0.879162 0
0 22 27 0.072869 0
0 22 28 0.710114 0
0 22 29 0.87906 0
0 22 30 0.359379 0
0 22 31 0.0898531 0
0 22 32 0.161029 0
0 22 33 0.416796 0
0 22 34 0.0964286 0
0 22 35 0.674693 0
0 23 0 0.562612 2.33611e-41
0 23 1 0.813047 2.4493e-43
0 23 2 0.878192 3.30533e-43
0 23 3 0.76936 1.62717e-41
0 23 4 0.635205 2.00452e-41
0 23 5 0.896524 1.38015e-42
0 23 6 0.878413 1.60172e-42
0 23 7 0.486471 8.93269e-42
0 23 8 0.113071 9.34141e-43
0 23 9 0.377485 7.42092e-41
0 23 10 0.38262 7.38331e-43
0 23 11 0.687578 2.50965e-43
0 23 12 0.12174 2.9422e-41
0 23 13 0.0768218 1.32171e-42
0 23 14 0.143302 1.21599e-41
0 23 15 0.477641 1.13882e-41
0 23 16 0.708588 4.37097e-42
0 23 17 0.238019 1.60912e-42
0 23 18 0.390967 2.14902e-42
0 23 19 0.975881 3.30258e-43
0 23 20 0.628767 3.18508e-42
0 23 21 0.681199 8.42626e-43
0 23 22 0.908691 1.74611e-43
0 23 23 0.3624 4.8731e-42
0 23 24 0.859213 1.25825e-41
0 23 25 0.794278 9.40285e-42
0 23 26 0.428873 6.5051e-42
0 23 27 0.073511 3.29918e-42
0 23 28 0.498631 2.83313e-42
0 23 29 0.483873 4.54772e-43
0 23 30 0.450735 4.05798e-43
0 23 31 0.499657 1.9618e-41
0 23 32 0.740759 5.18834e-43
0 23 33 0.932843 2.69725e-42
0 23 34 0.300122 1.77704e-42
0 23 35 0.146196 1.6021e-42
1 0 0 0.110018 2.02311e-43
1 0 1 0.080322 1.5611e-42
1 0 2 0.972476 0
1 0 3 0.408177 7.50767e-43
1 0 4 0.23841 0
1 0 5 0.96316 0
1 0 6 0.833474 9.32895e-44
1 0 7 0.19808 2.86198e-42
1 0 8 0.129482 0
1 0 9 0.196307 2.36184e-43
1 0 10 0.339119 2.46853e-41
1 0 11 0.575679 1.33786e-43
1 0 12 0.440268 0
1 0 13 0.585675 0
1 0 14 0.432877 0
1 0 15 0.368203 2.2793e-42
1 0 16 0.382317 0
1 0 17 0.600133 3.75784e-43
1 0 18 0.429473 0
1 0 19 0.148787 1.75286e-42
1 0 20 0.670197 8.04828e-40
1 0 21 0.995401 1.82862e-40
1 0 22 0.698066 5.89234e-43
1 0 23 0.40274 2.13099e-43
1 0 24 0.849278 1.81954e-42
1 0 25 0.819527 0
1 0 26 0.793382 2.35444e-43
1 0 27 0.374249 5.03151e-43
1 0 28 0.00960789 1.31812e-43
1 0 29 0.479779 9.82985e-44
1 0 30 0.639058 0
1 0 31 0.646495 3.10957e-42
1 0 32 0.644898 0
1 0 33 0.799035 6.64056e-42
1 0 34 0.377364 9.32895e-44
1 0 35 0.357672 5.59187e-44
1 1 0 0.3895 2.05336e-43
1 1 1 0.334307 1.58445e-42
1 1 2 0.693589 0
1 1 3 0.144897 7.61995e-43
1 1 4 0.291525 0
1 1 5 0.666856 0
1 1 6 0.854365 9.46846e-44
1 1 7 0.314699 2.90478e-42
1 1 8 0.144142 0
1 1 9 0.602249 2.39716e-43
1 1 10 0.0055882 2.50545e-41
1 1 11 0.92083 1.35787e-43
1 1 12 0.381955 0
1 1 13 0.516531 0
1 1 14 0.344456 0
1 1 15 0.264133 2.31338e-42
1 1 16 0.291 0
1 1 17 0.833648 3.81404e-43
1 1 18 0.124391 0
1 1 19 0.634619 1.77908e-42
1 1 20 0.0486975 8.16865e-40
1 1 21 0.458046 1.85597e-40
1 1 22 0.376817 5.98046e-43
1 1 23 0.155873 2.16286e-43
1 1 24 0.755856 1.84675e-42
1 1 25 0.665973 0
1 1 26 0.0115306 2.38965e-43
1 1 27 0.794881 5.10676e-43
1 1 28 0.560914 1.33783e-43
1 1 29 0.288654 9.97686e-44
1 1 30 0.41556 0
1 1 31 0.320611 3.15608e-42
1 1 32 0.51459 0
1 1 33 0.719155 6.73987e-42
1 1 34 0.842044 9.46847e-44
1 1 35 0.231895 5.6755e-44
1 2 0 0.465007 2.0545e-43
1 2 1 0.373359 1.58533e-42
1 2 2 0.0500431 0
1 2 3 0.0738503 7.62417e-43
1 2 4 0.202449 0
1 2 5 0.566183 0
1 2 6 0.831524 9.4737e-44
1 2 7 0.422552 2.90639e-42
1 2 8 0.839549 0
1 2 9 0.293043 2.39848e-43
1 2 10 0.181196 2.50684e-41
1 2 11 0.357526 1.35862e-43
1 2 12 0.93411 0
1 2 13 0.589419 0
1 2 14 0.36904 0
1 2 15 0.463059 2.31466e-42
1 2 16 0.62783 0
1 2 17 0.944452 3.81615e-43
1 2 18 0.405786 0
1 2 19 0.0504816 1.78006e-42
1 2 20 0.44485 8.17316e-40
1 2 21 0.595927 1.857e-40
1 2 22 0.748311 5.98377e-43
1 2 23 0.864172 2.16405e-43
1 2 24 0.131023 1.84777e-42
1 2 25 0.104579 0
1 2 26 0.665308 2.39097e-43
1 2 27 0.833378 5.10959e-43
1 2 28 0.581285 1.33857e-43
1 2 29 0.658594 9.98238e-44
1 2 30 0.982032 0
1 2 31 0.018916 3.15782e-42
1 2 32 0.921473 0
1 2 33 0.194679 6.7436e-42
1 2 34 0.967723 9.4737e-44
1 2 35 0.523072 5.67864e-44
1 3 0 0.278796 2.03603e-43
1 3 1 0.719795 1.57107e-42
1 3 2 0.590459 0
1 3 3 0.837082 7.55561e-43
1 3 4 0.834691 0
1 3 5 0.659888 0
1 3 6 0.730448 9.38851e-44
1 3 7 0.643027 2.88026e-42
1 3 8 0.349529 0
1 3 9 0.534876 2.37692e-43
1 3 10 0.664147 2.4843e-41
1 3 11 0.323429 1.34641e-43
1 3 12 0.869188 0
1 3 13 0.44237 0
1 3 14 0.917967 0
1 3 15 0.276668 2.29385e-42
1 3 16 0.951753 0
1 3 17 0.117238 3.78183e-43
1 3 18 0.416007 0
1 3 19 0.836375 1.76405e-42
1 3 20 0.962535 8.09967e-40
1 3 21 0.332928 1.8403e-40
1 3 22 0.526182 5.92996e-43
1 3 23 0.535956 2.14459e-43
1 3 24 0.818107 1.83116e-42
1 3 25 0.92989 0
1 3 26 0.662893 2.36947e-43
1 3 27 0.243229 5.06364e-43
1 3 28 0.941429 1.32654e-43
1 3 29 0.596723 9.89262e-44
1 3 30 0.126034 0
1 3 31 0.246974 3.12943e-42
1 3 32 0.886726 0
1 3 33 0.196178 6.68296e-42
1 3 34 0.162958 9.38851e-44
1 3 35 0.835997 5.62757e-44
1 4 0 0.602405 2.02499e-43
1 4 1 0.623243 1.56255e-42
1 4 2 0.838679 0
1 4 3 0.671648 7.51465e-43
1 4 4 0.391555 0
1 4 5 0.871284 0
1 4 6 0.667348 9.33761e-44
1 4 7 0.115607 2.86464e-42
1 4 8 4.02252e-05 0
1 4 9 0.676065 2.36403e-43
1 4 10 0.628753 2.47083e-41
1 4 11 0.454547 1.33911e-43
1 4 12 0.574346 0
1 4 13 0.0322694 0
1 4 14 0.351393 0
1 4 15 0.855082 2.28141e-42
1 4 16 0.370837 0
1 4 17 0.661425 3.76133e-43
1 4 18 0.57643 0
1 4 19 0.0599598 1.75449e-42
1 4 20 0.744468 8.05576e-40
1 4 21 0.279493 1.83032e-40
1 4 22 0.442624 5.89781e-43
1 4 23 0.17642 2.13297e-43
1 4 24 0.0918009 1.82123e-42
1 4 25 0.897245 0
1 4 26 0.992419 2.35662e-43
1 4 27 0.594159 5.03619e-43
1 4 28 0.0330036 1.31934e-43
1 4 29 0.690932 9.83898e-44
1 4 30 0.487212 0
1 4 31 0.56934 3.11246e-42
1 4 32 0.895724 0
1 4 33 0.434503 6.64673e-42
1 4 34 0.688594 9.33761e-44
1 4 35 0.203158 5.59706e-44
1 5 0 0.48172 2.05299e-43
1 5 1 0.272443 1.58416e-42
1 5 2 0.94712 0
1 5 3 0.2443 7.61858e-43
1 5 4 0.953262 0
1 5 5 0.476952 0
1 5 6 0.127088 9.46676e-44
1 5 7 0.961436 2.90426e-42
1 5 8 0.857156 0
1 5 9 0.21741 2.39673e-43
1 5 10 0.00700794 2.505e-41
1 5 11 0.782475 1.35763e-43
1 5 12 0.0503933 0
1 5 13 0.960055 0
1 5 14 0.641374 0
1 5 15 0.5734 2.31297e-42
1 5 16 0.137093 0
1 5 17 0.129043 3.81335e-43
1 5 18 0.824627 0
1 5 19 0.501854 1.77876e-42
1 5 20 0.655888 8.16717e-40
1 5 21 0.505059 1.85563e-40
1 5 22 0.526454 5.97938e-43
1 5 23 0.118397 2.16247e-43
1 5 24 0.903056 1.84642e-42
1 5 25 0.668904 0
1 5 26 0.277586 2.38922e-43
1 5 27 0.386707 5.10584e-43
1 5 28 0.391493 1.33759e-43
1 5 29 0.831097 9.97506e-44
1 5 30 0.243001 0
1 5 31 0.123444 3.15551e-42
1 5 32 0.728307 0
1 5 33 0.648075 6.73866e-42
1 5 34 0.201217 9.46676e-44
1 5 35 0.848695 5.67447e-44
1 6 0 0.0225564 2.05326e-43
1 6 1 0.105562 1.58437e-42
1 6 2 0.187979 0
1 6 3 0.360967 7.61957e-43
1 6 4 0.779658 0
1 6 5 0.719204 0
1 6 6 0.666364 9.46799e-44
1 6 7 0.580969 2.90464e-42
1 6 8 0.351173 0
1 6 9 0.157154 2.39704e-43
1 6 10 0.292091 2.50533e-41
1 6 11 0.16911 1.3578e-43
1 6 12 0.223697 0
1 6 13 0.671352 0
1 6 14 0.404765 0
1 6 15 0.88651 2.31327e-42
1 6 16 0.579362 0
1 6 17 0.341848 3.81384e-43
1 6 18 0.43724 0
1 6 19 0.699639 1.77899e-42
1 6 20 0.834283 8.16823e-40
1 6 21 0.791982 1.85588e-40
1 6 22 0.849068 5.98016e-43
1 6 23 0.28222 2.16275e-43
1 6 24 0.264662 1.84666e-42
1 6 25 0.169961 0
1 6 26 0.533532 2.38953e-43
1 6 27 0.0731837 5.1065e-43
1 6 28 0.998736 1.33777e-43
1 6 29 0.750171 9.97636e-44
1 6 30 0.122221 0
1 6 31 0.1646 3.15592e-42
1 6 32 0.425107 0
1 6 33 0.773202 6.73953e-42
1 6 34 0.213568 9.46799e-44
1 6 35 0.433928 5.67521e-44
1 7 0 0.0330772 2.03965e-43
1 7 1 0.929321 1.57386e-42
1 7 2 0.106043 0
1 7 3 0.266287 7.56904e-43
1 7 4 0.482049 0
1 7 5 0.79278 0
1 7 6 0.257524 9.4052e-44
1 7 7 0.213916 2.88538e-42
1 7 8 0.282464 0
1 7 9 0.380628 2.38114e-43
1 7 10 0.208123 2.48871e-41
1 7 11 0.928528 1.3488e-43
1 7 12 0.764064 0
1 7 13 0.616563 0
1 7 14 0.575853 0
1 7 15 0.356334 2.29793e-42
1 7 16 0.907848 0
1 7 17 0.197901 3.78855e-43
1 7 18 0.114107 0
1 7 19 0.79114 1.76719e-42
1 7 20 0.698163 8.11407e-40
1 7 21 0.0182512 1.84357e-40
1 7 22 0.747969 5.9405e-43
1 7 23 0.114529 2.14841e-43
1 7 24 0.894964 1.83441e-42
1 7 25 0.654629 0
1 7 26 0.345891 2.37368e-43
1 7 27 0.382413 5.07264e-43
1 7 28 0.215049 1.32889e-43
1 7 29 0.331292 9.9102e-44
1 7 30 0.0177851 0
1 7 31 0.914368 3.13499e-42
1 7 32 0.78547 0
1 7 33 0.393451 6.69484e-42
1 7 34 0.729983 9.40521e-44
1 7 35 0.831551 5.63758e-44
1 8 0 0.877797 2.05198e-43
1 8 1 0.129609 1.58338e-42
1 8 2 0.343425 0
1 8 3 0.94207 7.61482e-43
1 8 4 0.362191 0
1 8 5 0.35206 0
1 8 6 0.0806552 9.46209e-44
1 8 7 0.571891 2.90283e-42
1 8 8 0.776393 0
1 8 9 0.844201 2.39554e-43
1 8 10 0.493295 2.50377e-41
1 8 11 0.817317 1.35696e-43
1 8 12 0.642734 0
1 8 13 0.435375 0
1 8 14 0.352314 0
1 8 15 0.349157 2.31183e-42
1 8 16 0.281545 0
1 8 17 0.919119 3.81147e-43
1 8 18 0.626152 0
1 8 19 0.74458 1.77788e-42
1 8 20 0.15754 8.16315e-40
1 8 21 0.776418 1.85472e-40
1 8 22 0.251955 5.97643e-43
1 8 23 0.612058 2.1614e-43
1 8 24 0.854603 1.84551e-42
1 8 25 0.314608 0
1 8 26 0.608444 2.38804e-43
1 8 27 0.125922 5.10332e-43
1 8 28 0.373662 1.33693e-43
1 8 29 0.133293 9.97014e-44
1 8 30 0.261863 0
1 8 31 0.126031 3.15395e-42
1 8 32 0.202817 0
1 8 33 0.750525 6.73533e-42
1 8 34 0.0709501 9.46209e-44
1 8 35 0.458914 5.67168e-44
1 9 0 0.963244 1.97465e-43
1 9 1 0.234676 1.52371e-42
1 9 2 0.197518 0
1 9 3 0.683946 7.32783e-43
1 9 4 0.0813265 0
1 9 5 0.854236 0
1 9 6 0.152563 9.10548e-44
1 9 7 0.120177 2.79342e-42
1 9 8 0.809124 0
1 9 9 0.944193 2.30526e-43
1 9 10 0.0455203 2.4094e-41
1 9 11 0.0602624 1.30581e-43
1 9 12 0.829722 0
1 9 13 0.141179 0
1 9 14 0.801168 0
1 9 15 0.227488 2.2247e-42
1 9 16 0.399215 0
1 9 17 0.599194 3.66782e-43
1 9 18 0.655206 0
1 9 19 0.0537268 1.71087e-42
1 9 20 0.986364 7.85549e-40
1 9 21 0.812305 1.78482e-40
1 9 22 0.41358 5.75119e-43
1 9 23 0.0318384 2.07994e-43
1 9 24 0.108049 1.77595e-42
1 9 25 0.974467 0
1 9 26 0.867119 2.29804e-43
1 9 27 0.67108 4.91099e-43
1 9 28 0.834369 1.28654e-43
1 9 29 0.238217 9.59438e-44
1 9 30 0.716939 0
1 9 31 0.589708 3.03508e-42
1 9 32 0.22254 0
1 9 33 0.227762 6.48149e-42
1 9 34 0.00157362 9.10548e-44
1 9 35 0.447814 5.45792e-44
1 10 0 0.409766 2.05341e-43
1 10 1 0.933005 1.58449e-42
1 10 2 0.0224617 0
1 10 3 0.513499 7.62014e-43
1 10 4 0.376501 0
1 10 5 0.859511 0
1 10 6 0.793872 9.4687e-44
1 10 7 0.609468 2.90485e-42
1 10 8 0.331804 0
1 10 9 0.624005 2.39722e-43
1 10 10 0.653873 2.50551e-41
1 10 11 0.64439 1.3579e-43
1 10 12 0.25912 0
1 10 13 0.0260003 0
1 10 14 0.987042 0
1 10 15 0.207749 2.31344e-42
1 10 16 0.642325 0
1 10 17 0.560325 3.81413e-43
1 10 18 0.376933 0
1 10 19 0.120691 1.77912e-42
1 10 20 0.449107 8.16885e-40
1 10 21 0.137716 1.85601e-40
1 10 22 0.5858 5.9806e-43
1 10 23 0.5426 2.16291e-43
1 10 24 0.483601 1.8468e-42
1 10 25 0.8866 0
1 10 26 0.0815947 2.38971e-43
1 10 27 0.362593 5.10689e-43
1 10 28 0.100809 1.33787e-43
1 10 29 0.299211 9.9771e-44
1 10 30 0.841668 0
1 10 31 0.913002 3.15615e-42
1 10 32 0.827927 0
1 10 33 0.970299 6.74004e-42
1 10 34 0.81328 9.4687e-44
1 10 35 0.797872 5.67564e-44
1 11 0 0.839796 2.05479e-43
1 11 1 0.44872 1.58555e-42
1 11 2 0.642095 0
1 11 3 0.693926 7.62524e-43
1 11 4 0.815759 0
1 11 5 0.468209 0
1 11 6 0.193634 9.47503e-44
1 11 7 0.401555 2.9068e-42
1 11 8 0.930652 0
1 11 9 0.467209 2.39882e-43
1 11 10 0.378445 2.50719e-41
1 11 11 0.517596 1.35881e-43
1 11 12 0.227756 0
1 11 13 0.899267 0
1 11 14 0.985847 0
1 11 15 0.136994 2.31499e-42
1 11 16 0.458481 0
1 11 17 0.689134 3.81668e-43
1 11 18 0.279015 0
1 11 19 0.409278 1.78031e-42
1 11 20 0.739932 8.17431e-40
1 11 21 0.0312551 1.85726e-40
1 11 22 0.303932 5.98461e-43
1 11 23 0.192647 2.16436e-43
1 11 24 0.813189 1.84803e-42
1 11 25 0.274869 0
1 11 26 0.717761 2.39131e-43
1 11 27 0.408626 5.1103e-43
1 11 28 0.785073 1.33876e-43
1 11 29 0.722293 9.98378e-44
1 11 30 0.577059 0
1 11 31 0.632939 3.15827e-42
1 11 32 0.798596 0
1 11 33 0.000275349 6.74455e-42
1 11 34 0.627795 9.47504e-44
1 11 35 0.346431 5.67944e-44
1 12 0 0.471857 2.00541e-43
1 12 1 0.492207 1.54745e-42
1 12 2 0.52962 0
1 12 3 0.318549 7.44199e-43
1 12 4 0.857925 0
1 12 5 0.138002 0
1 12 6 0.399142 9.24733e-44
1 12 7 0.386913 2.83694e-42
1 12 8 0.846436 0
1 12 9 0.0561348 2.34117e-43
1 12 10 0.456879 2.44694e-41
1 12 11 0.765532 1.32616e-43
1 12 12 0.292495 0
1 12 13 0.961921 0
1 12 14 1 0
1 12 15 0.999092 2.25935e-42
1 12 16 0.741617 0
1 12 17 0.349783 3.72496e-43
1 12 18 0.796585 0
1 12 19 0.199 1.73753e-42
1 12 20 0.600734 7.97787e-40
1 12 21 0.542825 1.81262e-40
1 12 22 0.251693 5.84079e-43
1 12 23 0.201617 2.11234e-43
1 12 24 0.575624 1.80362e-42
1 12 25 0.513759 0
1 12 26 0.747701 2.33384e-43
1 12 27 0.60802 4.98749e-43
1 12 28 0.989635 1.30659e-43
1 12 29 0.79845 9.74385e-44
1 12 30 0.554778 0
1 12 31 0.146671 3.08237e-42
1 12 32 0.10701 0
1 12 33 0.523785 6.58246e-42
1 12 34 0.2463 9.24733e-44
1 12 35 0.571627 5.54295e-44
1 13 0 0.334365 2.03769e-43
1 13 1 0.678709 1.57236e-42
1 13 2 0.0693666 0
1 13 3 0.844641 7.56179e-43
1 13 4 0.876262 0
1 13 5 0.332073 0
1 13 6 0.1454 9.3962e-44
1 13 7 0.744075 2.88261e-42
1 13 8 0.661891 0
1 13 9 0.402784 2.37886e-43
1 13 10 0.585027 2.48633e-41
1 13 11 0.555453 1.34751e-43
1 13 12 0.494116 0
1 13 13 0.614501 0
1 13 14 0.92483 0
1 13 15 0.613926 2.29573e-42
1 13 16 0.256384 0
1 13 17 0.0396633 3.78493e-43
1 13 18 0.620714 0
1 13 19 0.343489 1.7655e-42
1 13 20 0.0241668 8.1063e-40
1 13 21 0.171394 1.8418e-40
1 13 22 0.610723 5.93481e-43
1 13 23 0.423845 2.14635e-43
1 13 24 0.568438 1.83266e-42
1 13 25 0.730373 0
1 13 26 0.373973 2.37141e-43
1 13 27 0.365644 5.06778e-43
1 13 28 0.376277 1.32762e-43
1 13 29 0.0866058 9.90071e-44
1 13 30 0.583115 0
1 13 31 0.418166 3.13199e-42
1 13 32 0.110807 0
1 13 33 0.325262 6.68843e-42
1 13 34 0.685165 9.3962e-44
1 13 35 0.563984 5.63218e-44
1 14 0 0.871871 2.01393e-43
1 14 1 0.53186 1.55402e-42
1 14 2 0.974538 0
1 14 3 0.0602413 7.47362e-43
1 14 4 0.475344 0
1 14 5 0.110132 0
1 14 6 0.992179 9.28663e-44
1 14 7 0.549515 2.849e-42
1 14 8 0.698705 0
1 14 9 0.127237 2.35112e-43
1 14 10 0.474984 2.45734e-41
1 14 11 0.059347 1.33179e-43
1 14 12 0.445107 0
1 14 13 0.917977 0
1 14 14 0.439511 0
1 14 15 0.858511 2.26896e-42
1 14 16 0.997177 0
1 14 17 0.549302 3.74079e-43
1 14 18 0.124284 0
1 14 19 0.846325 1.74491e-42
1 14 20 0.190258 8.01177e-40
1 14 21 0.664346 1.82033e-40
1 14 22 0.656273 5.86561e-43
1 14 23 0.973193 2.12132e-43
1 14 24 0.457616 1.81129e-42
1 14 25 0.159347 0
1 14 26 0.139185 2.34376e-43
1 14 27 0.283333 5.00869e-43
1 14 28 0.972964 1.31214e-43
1 14 29 0.597956 9.78526e-44
1 14 30 0.852208 0
1 14 31 0.062886 3.09547e-42
1 14 32 0.925623 0
1 14 33 0.949394 6.61044e-42
1 14 34 0.466668 9.28663e-44
1 14 35 0.282231 5.56651e-44
1 15 0 0.460251 2.03754e-43
1 15 1 0.430824 1.57224e-42
1 15 2 0.866139 0
1 15 3 0.198631 7.56122e-43
1 15 4 0.384766 0
1 15 5 0.759196 0
1 15 6 0.814225 9.39548e-44
1 15 7 0.672739 2.88239e-42
1 15 8 0.721585 0
1 15 9 0.683365 2.37868e-43
1 15 10 0.313986 2.48614e-41
1 15 11 0.168483 1.3474e-43
1 15 12 0.688042 0
1 15 13 0.920936 0
1 15 14 0.165764 0
1 15 15 0.00381843 2.29555e-42
1 15 16 0.176306 0
1 15 17 0.178152 3.78464e-43
1 15 18 0.198052 0
1 15 19 0.668274 1.76536e-42
1 15 20 0.674452 8.10568e-40
1 15 21 0.517482 1.84166e-40
1 15 22 0.323405 5.93436e-43
1 15 23 0.466967 2.14619e-43
1 15 24 0.320824 1.83252e-42
1 15 25 0.0936437 0
1 15 26 0.870438 2.37123e-43
1 15 27 0.445121 5.0674e-43
1 15 28 0.147775 1.32752e-43
1 15 29 0.652046 9.89996e-44
1 15 30 0.941981 0
1 15 31 0.88235 3.13175e-42
1 15 32 0.660927 0
1 15 33 0.203913 6.68792e-42
1 15 34 0.170347 9.39548e-44
1 15 35 0.0160746 5.63175e-44
1 16 0 0.165414 2.04195e-43
1 16 1 0.109083 1.57564e-42
1 16 2 0.361192 0
1 16 3 0.561133 7.5776e-43
1 16 4 0.963839 0
1 16 5 0.245494 0
1 16 6 0.0238609 9.41583e-44
1 16 7 0.0300402 2.88864e-42
1 16 8 0.886172 0
1 16 9 0.886352 2.38383e-43
1 16 10 0.913224 2.49153e-41
1 16 11 0.547401 1.35032e-43
1 16 12 0.172576 0
1 16 13 0.487048 0
1 16 14 0.814419 0
1 16 15 0.936609 2.30052e-42
1 16 16 0.583064 0
1 16 17 0.548907 3.79284e-43
1 16 18 0.471753 0
1 16 19 0.753337 1.76919e-42
1 16 20 0.332312 8.12324e-40
1 16 21 0.172459 1.84565e-40
1 16 22 0.512964 5.94722e-43
1 16 23 0.380426 2.15083e-43
1 16 24 0.828165 1.83649e-42
1 16 25 0.967038 0
1 16 26 0.00477785 2.37636e-43
1 16 27 0.30139 5.07838e-43
1 16 28 0.454566 1.3304e-43
1 16 29 0.890453 9.9214e-44
1 16 30 0.843532 0
1 16 31 0.250356 3.13853e-42
1 16 32 0.733911 0
1 16 33 0.839556 6.70241e-42
1 16 34 0.422961 9.41584e-44
1 16 35 0.708479 5.64395e-44
1 17 0 0.405874 2.03432e-43
1 17 1 0.5263 1.56975e-42
1 17 2 0.52556 0
1 17 3 0.0915335 7.54928e-43
1 17 4 0.403688 0
1 17 5 0.78213 0
1 17 6 0.264789 9.38064e-44
1 17 7 0.307859 2.87784e-42
1 17 8 0.184968 0
1 17 9 0.756626 2.37492e-43
1 17 10 0.620673 2.48221e-41
1 17 11 0.645346 1.34528e-43
1 17 12 0.327313 0
1 17 13 0.154232 0
1 17 14 0.184355 0
1 17 15 0.455199 2.29193e-42
1 17 16 0.53318 0
1 17 17 0.162428 3.77866e-43
1 17 18 0.92577 0
1 17 19 0.409058 1.76258e-42
1 17 20 0.0311874 8.09288e-40
1 17 21 0.167285 1.83876e-40
1 17 22 0.565061 5.92499e-43
1 17 23 0.985431 2.1428e-43
1 17 24 0.140259 1.82962e-42
1 17 25 0.33357 0
1 17 26 0.309118 2.36748e-43
1 17 27 0.354326 5.0594e-43
1 17 28 0.162868 1.32542e-43
1 17 29 0.32215 9.88432e-44
1 17 30 0.379582 0
1 17 31 0.641376 3.1268e-42
1 17 32 0.602311 0
1 17 33 0.0376828 6.67736e-42
1 17 34 0.335103 9.38065e-44
1 17 35 0.0782141 5.62286e-44
1 18 0 0.544029 2.04044e-43
1 18 1 0.491122 1.57448e-42
1 18 2 0.287871 0
1 18 3 0.252718 7.57201e-43
1 18 4 0.43932 0
1 18 5 0.658614 0
1 18 6 0.325579 9.40889e-44
1 18 7 0.00166435 2.88651e-42
1 18 8 0.972696 0
1 18 9 0.10087 2.38207e-43
1 18 10 0.318377 2.48969e-41
1 18 11 0.955516 1.34933e-43
1 18 12 0.349269 0
1 18 13 0.165406 0
1 18 14 0.985489 0
1 18 15 0.116442 2.29883e-42
1 18 16 0.041885 0
1 18 17 0.960956 3.79004e-43
1 18 18 0.785281 0
1 18 19 0.22039 1.76788e-42
1 18 20 0.101461 8.11725e-40
1 18 21 0.254563 1.84429e-40
1 18 22 0.437511 5.94283e-43
1 18 23 0.243011 2.14925e-43
1 18 24 0.282594 1.83513e-42
1 18 25 0.549228 0
1 18 26 0.882302 2.37461e-43
1 18 27 0.851649 5.07463e-43
1 18 28 0.670468 1.32942e-43
1 18 29 0.55761 9.91409e-44
1 18 30 0.757833 0
1 18 31 0.901996 3.13622e-42
1 18 32 0.85338 0
1 18 33 0.759697 6.69746e-42
1 18 34 0.23395 9.40889e-44
1 18 35 0.99829 5.63979e-44
1 19 0 0.261283 2.05176e-43
1 19 1 0.37504 1.58321e-42
1 19 2 0.299503 0
1 19 3 0.745522 7.61401e-43
1 19 4 0.991835 0
1 19 5 0.766313 0
1 19 6 0.42861 9.46108e-44
1 19 7 0.641665 2.90252e-42
1 19 8 0.463801 0
1 19 9 0.102468 2.39529e-43
1 19 10 0.18188 2.5035e-41
1 19 11 0.863361 1.35681e-43
1 19 12 0.503358 0
1 19 13 0.930975 0
1 19 14 0.898036 0
1 19 15 0.291166 2.31158e-42
1 19 16 0.629141 0
1 19 17 0.9754 3.81106e-43
1 19 18 0.544049 0
1 19 19 0.830669 1.77769e-42
1 19 20 0.0548099 8.16228e-40
1 19 21 0.189622 1.85452e-40
1 19 22 0.975294 5.97579e-43
1 19 23 0.765209 2.16117e-43
1 19 24 0.869878 1.84531e-42
1 19 25 0.0323388 0
1 19 26 0.518437 2.38778e-43
1 19 27 0.375437 5.10278e-43
1 19 28 0.969667 1.33679e-43
1 19 29 0.193147 9.96908e-44
1 19 30 0.228571 0
1 19 31 0.596947 3.15362e-42
1 19 32 0.896504 0
1 19 33 0.549478 6.73462e-42
1 19 34 0.0847728 9.46108e-44
1 19 35 0.776984 5.67107e-44
1 20 0 0.77109 2.0456e-43
1 20 1 0.708398 1.57846e-42
1 20 2 0.0519357 0
1 20 3 0.883565 7.59115e-43
1 20 4 0.0716365 0
1 20 5 0.994661 0
1 20 6 0.269917 9.43267e-44
1 20 7 0.499773 2.8938e-42
1 20 8 0.687318 0
1 20 9 0.748435 2.3881e-43
1 20 10 0.944647 2.49598e-41
1 20 11 0.689707 1.35274e-43
1 20 12 0.911773 0
1 20 13 0.171227 0
1 20 14 0.815332 0
1 20 15 0.282828 2.30464e-42
1 20 16 0.481877 0
1 20 17 0.910853 3.79962e-43
1 20 18 0.703183 0
1 20 19 0.399308 1.77235e-42
1 20 20 0.168436 8.13776e-40
1 20 21 0.902494 1.84895e-40
1 20 22 0.210064 5.95785e-43
1 20 23 0.548365 2.15468e-43
1 20 24 0.372777 1.83977e-42
1 20 25 0.263153 0
1 20 26 0.806702 2.38061e-43
1 20 27 0.235834 5.08745e-43
1 20 28 0.658912 1.33277e-43
1 20 29 0.335606 9.93914e-44
1 20 30 0.522131 0
1 20 31 0.452883 3.14414e-42
1 20 32 0.60687 0
1 20 33 0.667104 6.71439e-42
1 20 34 0.0217659 9.43267e-44
1 20 35 0.819205 5.65404e-44
1 21 0 0.377316 2.05114e-43
1 21 1 0.541796 1.58273e-42
1 21 2 0.9697 0
1 21 3 0.746284 7.61169e-43
1 21 4 0.793286 0
1 21 5 0.758699 0
1 21 6 0.453228 9.4582e-44
1 21 7 0.40675 2.90163e-42
1 21 8 0.244226 0
1 21 9 0.70228 2.39456e-43
1 21 10 0.213819 2.50274e-41
1 21 11 0.661177 1.3564e-43
1 21 12 0.407049 0
1 21 13 0.276393 0
1 21 14 0.343149 0
1 21 15 0.301463 2.31088e-42
1 21 16 0.688401 0
1 21 17 0.954292 3.8099e-43
1 21 18 0.778182 0
1 21 19 0.902304 1.77715e-42
1 21 20 0.0216561 8.15979e-40
1 21 21 0.97424 1.85396e-40
1 21 22 0.053752 5.97398e-43
1 21 23 0.409958 2.16051e-43
1 21 24 0.163551 1.84475e-42
1 21 25 0.796038 0
1 21 26 0.0115786 2.38706e-43
1 21 27 0.602006 5.10123e-43
1 21 28 0.921468 1.33638e-43
1 21 29 0.109927 9.96605e-44
1 21 30 0.545015 0
1 21 31 0.0730384 3.15266e-42
1 21 32 0.556517 0
1 21 33 0.383381 6.73257e-42
1 21 34 0.48143 9.4582e-44
1 21 35 0.390933 5.66935e-44
1 22 0 0.408673 2.05482e-43
1 22 1 0.559109 1.58557e-42
1 22 2 0.941078 0
1 22 3 0.69903 7.62535e-43
1 22 4 0.589636 0
1 22 5 0.0111431 0
1 22 6 0.282762 9.47518e-44
1 22 7 0.387383 2.90684e-42
1 22 8 0.745794 0
1 22 9 0.56569 2.39886e-43
1 22 10 0.554309 2.50723e-41
1 22 11 0.268586 1.35883e-43
1 22 12 0.117163 0
1 22 13 0.16162 0
1 22 14 0.354305 0
1 22 15 0.80831 2.31502e-42
1 22 16 0.265734 0
1 22 17 0.191671 3.81674e-43
1 22 18 0.414449 0
1 22 19 0.648154 1.78034e-42
1 22 20 0.529665 8.17444e-40
1 22 21 0.0728548 1.85729e-40
1 22 22 0.469946 5.9847e-43
1 22 23 0.378955 2.16439e-43
1 22 24 0.0988572 1.84806e-42
1 22 25 0.493255 0
1 22 26 0.132815 2.39134e-43
1 22 27 0.216246 5.11038e-43
1 22 28 0.438291 1.33878e-43
1 22 29 0.353126 9.98393e-44
1 22 30 0.993806 0
1 22 31 0.892149 3.15831e-42
1 22 32 0.34994 0
1 22 33 0.43915 6.74465e-42
1 22 34 0.801629 9.47518e-44
1 22 35 0.982168 5.67952e-44
1 23 0 0.301218 2.04098e-43
1 23 1 0.576638 1.57489e-42
1 23 2 0.551921 0
1 23 3 0.143244 7.574e-43
1 23 4 0.506545 0
1 23 5 0.499835 0
1 23 6 0.729641 9.41136e-44
1 23 7 0.0825976 2.88726e-42
1 23 8 0.217063 0
1 23 9 0.172927 2.3827e-43
1 23 10 0.385219 2.49034e-41
1 23 11 0.374622 1.34968e-43
1 23 12 0.264364 0
1 23 13 0.164685 0
1 23 14 0.856503 0
1 23 15 0.245427 2.29943e-42
1 23 16 0.893365 0
1 23 17 0.791156 3.79104e-43
1 23 18 0.964197 0
1 23 19 0.250746 1.76835e-42
1 23 20 0.284081 8.11938e-40
1 23 21 0.549814 1.84478e-40
1 23 22 0.718898 5.94439e-43
1 23 23 0.51529 2.14981e-43
1 23 24 0.486485 1.83561e-42
1 23 25 0.351869 0
1 23 26 0.858476 2.37524e-43
1 23 27 0.41221 5.07596e-43
1 23 28 0.0204031 1.32976e-43
1 23 29 0.915687 9.91669e-44
1 23 30 0.959515 0
1 23 31 0.568632 3.13704e-42
1 23 32 0.997882 0
1 23 33 0.400523 6.69922e-42
1 23 34 0.58766 9.41136e-44
1 23 35 0.806355 5.64127e-44
1 24 0 0.408225 2.03114e-43
1 24 1 0.0434072 1.5673e-42
1 24 2 0.545435 0
1 24 3 0.130099 7.53747e-43
1 24 4 0.574699 0
1 24 5 0.96922 0
1 24 6 0.681336 9.36597e-44
1 24 7 0.207209 2.87334e-42
1 24 8 0.563862 0
1 24 9 0.830683 2.37121e-43
1 24 10 0.292872 2.47833e-41
1 24 11 0.306062 1.34317e-43
1 24 12 0.977984 0
1 24 13 0.984922 0
1 24 14 0.583705 0
1 24 15 0.332869 2.28834e-42
1 24 16 0.521573 0
1 24 17 0.0823947 3.77275e-43
1 24 18 0.80774 0
1 24 19 0.681656 1.75982e-42
1 24 20 0.594764 8.08022e-40
1 24 21 0.204153 1.83588e-40
1 24 22 0.200402 5.91572e-43
1 24 23 0.163937 2.13944e-43
1 24 24 0.280788 1.82676e-42
1 24 25 0.197465 0
1 24 26 0.793055 2.36378e-43
1 24 27 0.871827 5.05148e-43
1 24 28 0.7892 1.32335e-43
1 24 29 0.0907455 9.86886e-44
1 24 30 0.160008 0
1 24 31 0.247026 3.12191e-42
1 24 32 0.76144 0
1 24 33 0.51707 6.66691e-42
1 24 34 0.391793 9.36597e-44
1 24 35 0.867991 5.61406e-44
1 25 0 0.332695 2.03907e-43
1 25 1 0.596703 1.57342e-42
1 25 2 0.78021 0
1 25 3 0.986729 7.56691e-43
1 25 4 0.954354 0
1 25 5 0.822799 0
1 25 6 0.777039 9.40255e-44
1 25 7 0.686431 2.88456e-42
1 25 8 0.841948 0
1 25 9 0.627998 2.38047e-43
1 25 10 0.768394 2.48801e-41
1 25 11 0.396655 1.34842e-43
1 25 12 0.585257 0
1 25 13 0.420051 0
1 25 14 0.801599 0
1 25 15 0.477759 2.29728e-42
1 25 16 0.690773 0
1 25 17 0.813622 3.78749e-43
1 25 18 0.550919 0
1 25 19 0.294793 1.76669e-42
1 25 20 0.586986 8.11178e-40
1 25 21 0.47432 1.84305e-40
1 25 22 0.898639 5.93883e-43
1 25 23 0.429241 2.1478e-43
1 25 24 0.259919 1.8339e-42
1 25 25 0.464033 0
1 25 26 3.91542e-05 2.37301e-43
1 25 27 0.658065 5.07121e-43
1 25 28 0.0918404 1.32852e-43
1 25 29 0.562306 9.90741e-44
1 25 30 0.679043 0
1 25 31 0.667623 3.1341e-42
1 25 32 0.745264 0
1 25 33 0.652465 6.69295e-42
1 25 34 0.981988 9.40255e-44
1 25 35 0.279692 5.63599e-44
1 26 0 0.782769 2.03149e-43
1 26 1 0.00518158 1.56757e-42
1 26 2 0.0868126 0
1 26 3 0.0591972 7.53877e-43
1 26 4 0.926769 0
1 26 5 0.214659 0
1 26 6 0.781356 9.36759e-44
1 26 7 0.253661 2.87384e-42
1 26 8 0.286591 0
1 26 9 0.738162 2.37162e-43
1 26 10 0.295857 2.47876e-41
1 26 11 0.47319 1.3434e-43
1 26 12 0.909973 0
1 26 13 0.923061 0
1 26 14 0.891786 0
1 26 15 0.250655 2.28874e-42
1 26 16 0.752406 0
1 26 17 0.68391 3.7734e-43
1 26 18 0.468107 0
1 26 19 0.473922 1.76012e-42
1 26 20 0.208753 8.08162e-40
1 26 21 0.50639 1.8362e-40
1 26 22 0.897771 5.91674e-43
1 26 23 0.835066 2.13981e-43
1 26 24 0.958706 1.82708e-42
1 26 25 0.973102 0
1 26 26 0.918436 2.36419e-43
1 26 27 0.148704 5.05235e-43
1 26 28 0.26289 1.32358e-43
1 26 29 0.396488 9.87057e-44
1 26 30 0.771451 0
1 26 31 0.770618 3.12245e-42
1 26 32 0.775716 0
1 26 33 0.454478 6.66806e-42
1 26 34 0.418673 9.36759e-44
1 26 35 0.636321 5.61503e-44
1 27 0 0.647096 2.02104e-43
1 27 1 0.742002 1.55951e-42
1 27 2 0.829492 0
1 27 3 0.272135 7.5e-43
1 27 4 0.780221 0
1 27 5 0.180408 0
1 27 6 0.119997 9.31941e-44
1 27 7 0.787707 2.85906e-42
1 27 8 0.991853 0
1 27 9 0.077255 2.35942e-43
1 27 10 0.424933 2.46601e-41
1 27 11 0.841116 1.33649e-43
1 27 12 0.633542 0
1 27 13 0.944811 0
1 27 14 0.430353 0
1 27 15 0.945963 2.27697e-42
1 27 16 0.798559 0
1 27 17 0.377179 3.754e-43
1 27 18 0.246792 0
1 27 19 0.828705 1.75107e-42
1 27 20 0.0416034 8.04005e-40
1 27 21 0.228601 1.82675e-40
1 27 22 0.0940002 5.88631e-43
1 27 23 0.861429 2.12881e-43
1 27 24 0.0434911 1.81768e-42
1 27 25 0.954651 0
1 27 26 0.824232 2.35203e-43
1 27 27 0.869014 5.02637e-43
1 27 28 0.511974 1.31677e-43
1 27 29 0.750104 9.8198e-44
1 27 30 0.998299 0
1 27 31 0.417458 3.10639e-42
1 27 32 0.211603 0
1 27 33 0.403707 6.63377e-42
1 27 34 0.108905 9.31941e-44
1 27 35 0.362057 5.58615e-44
1 28 0 0.0968765 2.05188e-43
1 28 1 0.203926 1.58331e-42
1 28 2 0.38709 0
1 28 3 0.823579 7.61445e-43
1 28 4 0.899207 0
1 28 5 0.965837 0
1 28 6 0.817065 9.46162e-44
1 28 7 0.416839 2.90269e-42
1 28 8 0.817441 0
1 28 9 0.724963 2.39543e-43
1 28 10 0.458524 2.50364e-41
1 28 11 0.4151 1.35689e-43
1 28 12 0.592706 0
1 28 13 0.60336 0
1 28 14 0.667519 0
1 28 15 0.98743 2.31171e-42
1 28 16 0.739097 0
1 28 17 0.00420215 3.81128e-43
1 28 18 0.625461 0
1 28 19 0.130178 1.77779e-42
1 28 20 0.896096 8.16275e-40
1 28 21 0.677832 1.85463e-40
1 28 22 0.32833 5.97614e-43
1 28 23 0.236833 2.16129e-43
1 28 24 0.45146 1.84542e-42
1 28 25 0.680744 0
1 28 26 0.258829 2.38792e-43
1 28 27 0.145993 5.10307e-43
1 28 28 0.70385 1.33687e-43
1 28 29 0.59878 9.96965e-44
1 28 30 0.690966 0
1 28 31 0.0737121 3.1538e-42
1 28 32 0.879646 0
1 28 33 0.202964 6.735e-42
1 28 34 0.216739 9.46163e-44
1 28 35 0.732599 5.6714e-44
1 29 0 0.785623 2.05107e-43
1 29 1 0.958215 1.58268e-42
1 29 2 0.71546 0
1 29 3 0.740477 7.61144e-43
1 29 4 0.195229 0
1 29 5 0.215447 0
1 29 6 0.0204581 9.45789e-44
1 29 7 0.83916 2.90154e-42
1 29 8 0.760827 0
1 29 9 0.218624 2.39448e-43
1 29 10 0.420198 2.50265e-41
1 29 11 0.270701 1.35635e-43
1 29 12 0.676851 0
1 29 13 0.835845 0
1 29 14 0.0504922 0
1 29 15 0.622814 2.3108e-42
1 29 16 0.633692 0
1 29 17 0.457732 3.80978e-43
1 29 18 0.109521 0
1 29 19 0.725235 1.77709e-42
1 29 20 0.0175173 8.15952e-40
1 29 21 0.412836 1.8539e-40
1 29 22 0.538175 5.97378e-43
1 29 23 0.102257 2.16044e-43
1 29 24 0.640354 1.84469e-42
1 29 25 0.435772 0
1 29 26 0.0278005 2.38698e-43
1 29 27 0.242478 5.10106e-43
1 29 28 0.3299 1.33634e-43
1 29 29 0.631842 9.96572e-44
1 29 30 0.375769 0
1 29 31 0.54464 3.15255e-42
1 29 32 0.768851 0
1 29 33 0.0789411 6.73235e-42
1 29 34 0.762721 9.45789e-44
1 29 35 0.0482647 5.66916e-44
1 30 0 0.184594 2.053e-43
1 30 1 0.47033 1.58417e-42
1 30 2 0.83848 0
1 30 3 0.338452 7.61861e-43
1 30 4 0.36835 0
1 30 5 0.853798 0
1 30 6 0.786713 9.4668e-44
1 30 7 0.278563 2.90427e-42
1 30 8 0.815297 0
1 30 9 0.703332 2.39674e-43
1 30 10 0.897892 2.50501e-41
1 30 11 0.870376 1.35763e-43
1 30 12 0.412815 0
1 30 13 0.181981 0
1 30 14 0.554443 0
1 30 15 0.530931 2.31298e-42
1 30 16 0.350968 0
1 30 17 0.725291 3.81337e-43
1 30 18 0.97199 0
1 30 19 0.235327 1.77876e-42
1 30 20 0.140848 8.16721e-40
1 30 21 0.237746 1.85564e-40
1 30 22 0.80156 5.97941e-43
1 30 23 0.8223 2.16248e-43
1 30 24 0.401016 1.84643e-42
1 30 25 0.867889 0
1 30 26 0.60237 2.38923e-43
1 30 27 0.0386598 5.10586e-43
1 30 28 0.755131 1.3376e-43
1 30 29 0.487712 9.97511e-44
1 30 30 0.978601 0
1 30 31 0.355253 3.15552e-42
1 30 32 0.729884 0
1 30 33 0.165043 6.73869e-42
1 30 34 0.878878 9.4668e-44
1 30 35 0.310328 5.6745e-44
1 31 0 0.677584 2.02358e-43
1 31 1 0.150371 1.56147e-42
1 31 2 0.287851 0
1 31 3 0.906707 7.50943e-43
1 31 4 0.0221688 0
1 31 5 0.591714 0
1 31 6 0.944596 9.33113e-44
1 31 7 0.829331 2.86265e-42
1 31 8 0.568109 0
1 31 9 0.211342 2.36239e-43
1 31 10 0.0303791 2.46911e-41
1 31 11 0.582117 1.33818e-43
1 31 12 0.641647 0
1 31 13 0.155059 0
1 31 14 0.0682637 0
1 31 15 0.307525 2.27983e-42
1 31 16 0.574306 0
1 31 17 0.368609 3.75872e-43
1 31 18 0.210034 0
1 31 19 0.034971 1.75327e-42
1 31 20 0.75695 8.05016e-40
1 31 21 0.0652273 1.82905e-40
1 31 22 0.275348 5.89371e-43
1 31 23 0.770594 2.13149e-43
1 31 24 0.374207 1.81997e-42
1 31 25 0.302871 0
1 31 26 0.354434 2.35499e-43
1 31 27 0.967253 5.03269e-43
1 31 28 0.622282 1.31843e-43
1 31 29 0.697825 9.83215e-44
1 31 30 0.346591 0
1 31 31 0.154431 3.1103e-42
1 31 32 0.516009 0
1 31 33 0.565461 6.64211e-42
1 31 34 0.696418 9.33113e-44
1 31 35 0.688987 5.59318e-44
1 32 0 0.807667 2.05329e-43
1 32 1 0.458841 1.58439e-42
1 32 2 0.736131 0
1 32 3 0.161797 7.61968e-43
1 32 4 0.32784 0
1 32 5 0.0124615 0
1 32 6 0.440638 9.46812e-44
1 32 7 0.805494 2.90468e-42
1 32 8 0.933097 0
1 32 9 0.563489 2.39707e-43
1 32 10 0.56706 2.50536e-41
1 32 11 0.575652 1.35782e-43
1 32 12 0.987787 0
1 32 13 0.728453 0
1 32 14 0.111175 0
1 32 15 0.510826 2.3133e-42
1 32 16 0.444486 0
1 32 17 0.474775 3.8139e-43
1 32 18 0.544986 0
1 32 19 0.585182 1.77901e-42
1 32 20 0.148493 8.16835e-40
1 32 21 0.725622 1.8559e-40
1 32 22 0.525456 5.98024e-43
1 32 23 0.345189 2.16278e-43
1 32 24 0.587793 1.84669e-42
1 32 25 0.032957 0
1 32 26 0.908952 2.38956e-43
1 32 27 0.757572 5.10658e-43
1 32 28 0.507967 1.33778e-43
1 32 29 0.409143 9.9765e-44
1 32 30 0.46321 0
1 32 31 0.162533 3.15596e-42
1 32 32 0.693285 0
1 32 33 0.0346696 6.73963e-42
1 32 34 0.692757 9.46813e-44
1 32 35 0.171729 5.67529e-44
1 33 0 0.250726 2.04915e-43
1 33 1 0.947031 1.5812e-42
1 33 2 0.74343 0
1 33 3 0.820092 7.60432e-43
1 33 4 0.288709 0
1 33 5 0.332639 0
1 33 6 0.65555 9.44903e-44
1 33 7 0.835034 2.89882e-42
1 33 8 0.424314 0
1 33 9 0.441389 2.39224e-43
1 33 10 0.431431 2.50031e-41
1 33 11 0.0590458 1.35508e-43
1 33 12 0.383153 0
1 33 13 0.644286 0
1 33 14 0.518011 0
1 33 15 0.208885 2.30864e-42
1 33 16 0.737829 0
1 33 17 0.688851 3.80621e-43
1 33 18 0.51332 0
1 33 19 0.36702 1.77543e-42
1 33 20 0.502298 8.15188e-40
1 33 21 0.123723 1.85216e-40
1 33 22 0.41559 5.96819e-43
1 33 23 0.813234 2.15842e-43
1 33 24 0.0291272 1.84296e-42
1 33 25 0.540555 0
1 33 26 0.115948 2.38474e-43
1 33 27 0.732887 5.09628e-43
1 33 28 0.632031 1.33509e-43
1 33 29 0.549682 9.95639e-44
1 33 30 0.510782 0
1 33 31 0.706819 3.1496e-42
1 33 32 0.512091 0
1 33 33 0.720948 6.72604e-42
1 33 34 0.975647 9.44904e-44
1 33 35 0.705298 5.66385e-44
1 34 0 0.946474 2.04897e-43
1 34 1 0.3822 1.58106e-42
1 34 2 0.630165 0
1 34 3 0.184357 7.60366e-43
1 34 4 0.488743 0
1 34 5 0.30414 0
1 34 6 0.686839 9.44821e-44
1 34 7 0.700235 2.89857e-42
1 34 8 0.849437 0
1 34 9 0.49026 2.39203e-43
1 34 10 0.80051 2.50009e-41
1 34 11 0.179238 1.35497e-43
1 34 12 0.449827 0
1 34 13 0.234011 0
1 34 14 0.023474 0
1 34 15 0.527689 2.30844e-42
1 34 16 0.8718 0
1 34 17 0.338934 3.80588e-43
1 34 18 0.458718 0
1 34 19 0.674611 1.77527e-42
1 34 20 0.187636 8.15118e-40
1 34 21 0.596737 1.852e-40
1 34 22 0.357162 5.96767e-43
1 34 23 0.820933 2.15823e-43
1 34 24 0.423101 1.8428e-42
1 34 25 0.0518739 0
1 34 26 0.845013 2.38454e-43
1 34 27 0.138688 5.09584e-43
1 34 28 0.924011 1.33497e-43
1 34 29 0.856061 9.95552e-44
1 34 30 0.820136 0
1 34 31 0.0222511 3.14933e-42
1 34 32 0.974908 0
1 34 33 0.275584 6.72546e-42
1 34 34 0.735949 9.44822e-44
1 34 35 0.0991747 5.66336e-44
1 35 0 0.829046 2.02281e-43
1 35 1 0.782175 1.56088e-42
1 35 2 0.0123637 0
1 35 3 0.797382 7.50658e-43
1 35 4 0.605344 0
1 35 5 0.0172278 0
1 35 6 0.54719 9.32759e-44
1 35 7 0.626824 2.86157e-42
1 35 8 0.0290541 0
1 35 9 0.311988 2.36149e-43
1 35 10 0.577041 2.46818e-41
1 35 11 0.320619 1.33767e-43
1 35 12 0.651622 0
1 35 13 0.814288 0
1 35 14 0.73563 0
1 35 15 0.737055 2.27896e-42
1 35 16 0.686567 0
1 35 17 0.129753 3.75729e-43
1 35 18 0.754228 0
1 35 19 0.316178 1.75261e-42
1 35 20 0.00321914 8.04711e-40
1 35 21 0.104098 1.82836e-40
1 35 22 0.569399 5.89148e-43
1 35 23 0.883811 2.13068e-43
1 35 24 0.211794 1.81928e-42
1 35 25 0.616127 0
1 35 26 0.240964 2.35409e-43
1 35 27 0.878211 5.03078e-43
1 35 28 0.088676 1.31793e-43
1 35 29 0.376962 9.82842e-44
1 35 30 0.59367 0
1 35 31 0.803795 3.10912e-42
1 35 32 0.389757 0
1 35 33 0.647873 6.63959e-42
1 35 34 0.797826 9.32759e-44
1 35 35 0.0630678 5.59106e-44
1 36 0 0.980936 2.0552e-43
1 36 1 0.591894 1.58587e-42
1 36 2 0.961583 0
1 36 3 0.331282 7.62676e-43
1 36 4 0.863762 0
1 36 5 0.250697 0
1 36 6 0.472729 9.47693e-44
1 36 7 0.158855 2.90738e-42
1 36 8 0.870751 0
1 36 9 0.714764 2.3993e-43
1 36 10 0.0397496 2.50769e-41
1 36 11 0.0719813 1.35908e-43
1 36 12 0.790158 0
1 36 13 0.185877 0
1 36 14 0.0413065 0
1 36 15 0.237858 2.31545e-42
1 36 16 0.682644 0
1 36 17 0.192756 3.81745e-43
1 36 18 0.651416 0
1 36 19 0.344397 1.78067e-42
1 36 20 0.273417 8.17595e-40
1 36 21 0.317012 1.85763e-40
1 36 22 0.0227274 5.9858e-43
1 36 23 0.980141 2.16479e-43
1 36 24 0.228337 1.8484e-42
1 36 25 0.662178 0
1 36 26 0.221213 2.39178e-43
1 36 27 0.928902 5.11132e-43
1 36 28 0.0617473 1.33903e-43
1 36 29 0.786237 9.98578e-44
1 36 30 0.28849 0
1 36 31 0.65124 3.1589e-42
1 36 32 0.384612 0
1 36 33 0.181159 6.74589e-42
1 36 34 0.740659 9.47693e-44
1 36 35 0.257187 5.68057e-44
2 0 0 0.533529 1.6752e-30
2 0 1 0.0242924 1.07506e-30
2 0 2 0.282173 1.23795e-27
2 0 3 0.483723 3.06721e-30
2 0 4 0.934847 2.53767e-29
2 0 5 0.967667 6.10852e-30
2 0 6 0.58707 0
2 0 7 0.885485 5.2439e-29
2 0 8 0.345682 4.86481e-31
2 0 9 0.869281 3.32071e-30
2 0 10 0.00655631 0
2 0 11 0.191843 7.37311e-31
2 0 12 0.311967 6.55619e-30
2 0 13 0.22577 0
2 0 14 0.510074 4.48039e-29
2 0 15 0.817946 2.01544e-31
2 0 16 0.220417 0
2 0 17 0.543713 0
2 0 18 0.191895 4.23846e-31
2 0 19 0.183057 2.16829e-29
2 0 20 0.644666 0
2 0 21 0.893645 2.34434e-30
2 0 22 0.494929 1.20378e-30
2 1 0 0.279475 1.6752e-30
2 1 1 0.13907 1.07506e-30
2 1 2 0.351769 1.23795e-27
2 1 3 0.183774 3.06721e-30
2 1 4 0.693228 2.53767e-29
2 1 5 0.0823492 6.10852e-30
2 1 6 0.0431582 0
2 1 7 0.360519 5.2439e-29
2 1 8 0.244023 4.86481e-31
2 1 9 0.296815 3.32071e-30
2 1 10 0.570678 0
2 1 11 0.384147 7.37311e-31
2 1 12 0.351096 6.55619e-30
2 1 13 0.86668 0
2 1 14 0.289279 4.48039e-29
2 1 15 0.918743 2.01544e-31
2 1 16 0.320744 0
2 1 17 0.747109 0
2 1 18 0.66245 4.23846e-31
2 1 19 0.793832 2.16829e-29
2 1 20 0.933927 0
2 1 21 0.516082 2.34434e-30
2 1 22 0.795015 1.20378e-30
2 2 0 0.809086 1.6752e-30
2 2 1 0.307525 1.07506e-30
2 2 2 0.577993 1.23795e-27
2 2 3 0.322907 3.06721e-30
2 2 4 0.10014 2.53767e-29
2 2 5 0.0591831 6.10852e-30
2 2 6 0.690319 0
2 2 7 0.195004 5.2439e-29
2 2 8 0.433362 4.86481e-31
2 2 9 0.515876 3.32071e-30
2 2 10 0.322814 0
2 2 11 0.543225 7.37311e-31
2 2 12 0.983912 6.55619e-30
2 2 13 0.612364 0
2 2 14 0.00696027 4.48039e-29
2 2 15 0.981289 2.01544e-31
2 2 16 0.527021 0
2 2 17 0.643222 0
2 2 18 0.627369 4.23846e-31
2 2 19 0.191306 2.16829e-29
2 2 20 0.285189 0
2 2 21 0.171681 2.34434e-30
2 2 22 0.443561 1.20378e-30
2 3 0 0.928788 1.6752e-30
2 3 1 0.14413 1.07506e-30
2 3 2 0.397386 1.23795e-27
2 3 3 0.872446 3.06721e-30
2 3 4 0.195916 2.53767e-29
2 3 5 0.756102 6.10852e-30
2 3 6 0.801325 0
2 3 7 0.868794 5.2439e-29
2 3 8 0.824259 4.86481e-31
2 3 9 0.328171 3.32071e-30
2 3 10 0.570929 0
2 3 11 0.603147 7.37311e-31
2 3 12 0.0842391 6.55619e-30
2 3 13 0.805742 0
2 3 14 0.109146 4.48039e-29
2 3 15 0.417251 2.01544e-31
2 3 16 0.744114 0
2 3 17 0.323595 0
2 3 18 0.659696 4.23846e-31
2 3 19 0.503808 2.16829e-29
2 3 20 0.506807 0
2 3 21 0.898505 2.34434e-30
2 3 22 0.175787 1.20378e-30
2 4 0 0.453041 1.6752e-30
2 4 1 0.268008 1.07506e-30
2 4 2 0.408904 1.23795e-27
2 4 3 0.454629 3.06721e-30
2 4 4 0.954362 2.53767e-29
2 4 5 0.958915 6.10852e-30
2 4 6 0.48225 0
2 4 7 0.174194 5.2439e-29
2 4 8 0.685043 4.86481e-31
2 4 9 0.515791 3.32071e-30
2 4 10 0.906563 0
2 4 11 0.59662 7.37311e-31
2 4 12 0.400413 6.55619e-30
2 4 13 0.743142 0
2 4 14 0.980445 4.48039e-29
2 4 15 0.34589 2.01544e-31
2 4 16 0.380316 0
2 4 17 0.962922 0
2 4 18 0.829065 4.23846e-31
2 4 19 0.0995498 2.16829e-29
2 4 20 0.132749 0
2 4 21 0.104408 2.34434e-30
2 4 22 0.785494 1.20378e-30
2 5 0 0.794239 1.6752e-30
2 5 1 0.780114 1.07506e-30
2 5 2 0.380101 1.23795e-27
2 5 3 0.351053 3.06721e-30
2 5 4 0.139837 2.53767e-29
2 5 5 0.243357 6.10852e-30
2 5 6 0.0968659 0
2 5 7 0.0243423 5.2439e-29
2 5 8 0.121003 4.86481e-31
2 5 9 0.703856 3.32071e-30
2 5 10 0.71328 0
2 5 11 0.088807 7.37311e-31
2 5 12 0.579576 6.55619e-30
2 5 13 0.931076 0
2 5 14 0.587647 4.48039e-29
2 5 15 0.589635 2.01544e-31
2 5 16 0.995334 0
2 5 17 0.57643 0
2 5 18 0.0646321 4.23846e-31
2 5 19 0.272528 2.16829e-29
2 5 20 0.375871 0
2 5 21 0.256752 2.34434e-30
2 5 22 0.238461 1.20378e-30
2 6 0 0.810435 1.6752e-30
2 6 1 0.982881 1.07506e-30
2 6 2 0.274655 1.23795e-27
2 6 3 0.134113 3.06721e-30
2 6 4 0.0446624 2.53767e-29
2 6 5 0.641672 6.10852e-30
2 6 6 0.578786 0
2 6 7 0.655652 5.2439e-29
2 6 8 0.535274 4.86481e-31
2 6 9 0.351099 3.32071e-30
2 6 10 0.91961 0
2 6 11 0.879341 7.37311e-31
2 6 12 0.0775374 6.55619e-30
2 6 13 0.171586 0
2 6 14 0.851936 4.48039e-29
2 6 15 0.483427 2.01544e-31
2 6 16 0.956571 0
2 6 17 0.0960075 0
2 6 18 0.597675 4.23846e-31
2 6 19 0.12307 2.16829e-29
2 6 20 0.433636 0
2 6 21 0.12045 2.34434e-30
2 6 22 0.396628 1.20378e-30
2 7 0 0.134091 1.6752e-30
2 7 1 0.661178 1.07506e-30
2 7 2 0.421591 1.23795e-27
2 7 3 0.673604 3.06721e-30
2 7 4 0.257837 2.53767e-29
2 7 5 0.473408 6.10852e-30
2 7 6 0.569928 0
2 7 7 0.78046 5.2439e-29
2 7 8 0.187079 4.86481e-31
2 7 9 0.232948 3.32071e-30
2 7 10 0.154378 0
2 7 11 0.633641 7.37311e-31
2 7 12 0.600612 6.55619e-30
2 7 13 0.485577 0
2 7 14 0.0971637 4.48039e-29
2 7 15 0.0310194 2.01544e-31
2 7 16 0.343297 0
2 7 17 0.784966 0
2 7 18 0.917023 4.23846e-31
2 7 19 0.413157 2.16829e-29
2 7 20 0.931294 0
2 7 21 0.265916 2.34434e-30
2 7 22 0.245458 1.20378e-30
2 8 0 0.40708 1.6752e-30
2 8 1 0.800032 1.07506e-30
2 8 2 0.14194 1.23795e-27
2 8 3 0.586755 3.06721e-30
2 8 4 0.592778 2.53767e-29
2 8 5 0.811845 6.10852e-30
2 8 6 0.680462 0
2 8 7 0.516441 5.2439e-29
2 8 8 0.823268 4.86481e-31
2 8 9 0.658865 3.32071e-30
2 8 10 0.551341 0
2 8 11 0.383457 7.37311e-31
2 8 12 0.754757 6.55619e-30
2 8 13 0.19445 0
2 8 14 0.127778 4.48039e-29
2 8 15 0.559622 2.01544e-31
2 8 16 0.572303 0
2 8 17 0.701768 0
2 8 18 0.60756 4.23846e-31
2 8 19 0.263983 2.16829e-29
2 8 20 0.770103 0
2 8 21 0.117474 2.34434e-30
2 8 22 0.383296 1.20378e-30
2 9 0 0.0511765 1.6752e-30
2 9 1 0.123225 1.07506e-30
2 9 2 0.047252 1.23795e-27
2 9 3 0.1648 3.06721e-30
2 9 4 0.793975 2.53767e-29
2 9 5 0.345646 6.10852e-30
2 9 6 0.280112 0
2 9 7 0.841865 5.2439e-29
2 9 8 0.223189 4.86481e-31
2 9 9 0.130036 3.32071e-30
2 9 10 0.508137 0
2 9 11 0.262527 7.37311e-31
2 9 12 0.299237 6.55619e-30
2 9 13 0.284531 0
2 9 14 0.110282 4.48039e-29
2 9 15 0.510689 2.01544e-31
2 9 16 0.146664 0
2 9 17 0.980176 0
2 9 18 0.82239 4.23846e-31
2 9 19 0.906449 2.16829e-29
2 9 20 0.687589 0
2 9 21 0.308516 2.34434e-30
2 9 22 0.226136 1.20378e-30
2 10 0 0.664316 1.6752e-30
2 10 1 0.163039 1.07506e-30
2 10 2 0.198709 1.23795e-27
2 10 3 0.699001 3.06721e-30
2 10 4 0.110733 2.53767e-29
2 10 5 0.0823489 6.10852e-30
2 10 6 0.0374919 0
2 10 7 0.12716 5.2439e-29
2 10 8 0.18577 4.86481e-31
2 10 9 0.23412 3.32071e-30
2 10 10 0.847198 0
2 10 11 0.857696 7.37311e-31
2 10 12 0.290794 6.55619e-30
2 10 13 0.368625 0
2 10 14 0.478682 4.48039e-29
2 10 15 0.201087 2.01544e-31
2 10 16 0.66524 0
2 10 17 0.689656 0
2 10 18 0.0435392 4.23846e-31
2 10 19 0.763624 2.16829e-29
2 10 20 0.227704 0
2 10 21 0.0131423 2.34434e-30
2 10 22 0.88286 1.20378e-30
2 11 0 0.235599 1.6752e-30
2 11 1 0.714594 1.07506e-30
2 11 2 0.184213 1.23795e-27
2 11 3 0.0630616 3.06721e-30
2 11 4 0.876697 2.53767e-29
2 11 5 0.640094 6.10852e-30
2 11 6 0.054297 0
2 11 7 0.570175 5.2439e-29
2 11 8 0.936927 4.86481e-31
2 11 9 0.933295 3.32071e-30
2 11 10 0.885486 0
2 11 11 0.359691 7.37311e-31
2 11 12 0.321922 6.55619e-30
2 11 13 0.540083 0
2 11 14 0.17558 4.48039e-29
2 11 15 0.965322 2.01544e-31
2 11 16 0.162713 0
2 11 17 0.719937 0
2 11 18 0.985789 4.23846e-31
2 11 19 0.160983 2.16829e-29
2 11 20 0.643997 0
2 11 21 0.660614 2.34434e-30
2 11 22 0.938363 1.20378e-30
2 12 0 0.0726351 1.6752e-30
2 12 1 0.777723 1.07506e-30
2 12 2 0.191256 1.23795e-27
2 12 3 0.442821 3.06721e-30
2 12 4 0.496468 2.53767e-29
2 12 5 0.131522 6.10852e-30
2 12 6 0.497789 0
2 12 7 0.340833 5.2439e-29
2 12 8 0.382243 4.86481e-31
2 12 9 0.366313 3.32071e-30
2 12 10 0.62871 0
2 12 11 0.725349 7.37311e-31
2 12 12 0.935549 6.55619e-30
2 12 13 0.77319 0
2 12 14 0.00130101 4.48039e-29
2 12 15 0.866038 2.01544e-31
2 12 16 0.505529 0
2 12 17 0.420443 0
2 12 18 0.39303 4.23846e-31
2 12 19 0.655235 2.16829e-29
2 12 20 0.537968 0
2 12 21 0.623929 2.34434e-30
2 12 22 0.380405 1.20378e-30
2 13 0 0.473192 1.6752e-30
2 13 1 0.939119 1.07506e-30
2 13 2 0.769784 1.23795e-27
2 13 3 0.766006 3.06721e-30
2 13 4 0.263746 2.53767e-29
2 13 5 0.777598 6.10852e-30
2 13 6 0.0879195 0
2 13 7 0.662258 5.2439e-29
2 13 8 0.566128 4.86481e-31
2 13 9 0.908568 3.32071e-30
2 13 10 0.302735 0
2 13 11 0.0595074 7.37311e-31
2 13 12 0.141636 6.55619e-30
2 13 13 0.473655 0
2 13 14 0.719641 4.48039e-29
2 13 15 0.0095646 2.01544e-31
2 13 16 0.752224 0
2 13 17 0.623197 0
2 13 18 0.0645333 4.23846e-31
2 13 19 0.611334 2.16829e-29
2 13 20 0.69111 0
2 13 21 0.493485 2.34434e-30
2 13 22 0.996059 1.20378e-30
2 14 0 0.767691 1.6752e-30
2 14 1 0.581827 1.07506e-30
2 14 2 0.772596 1.23795e-27
2 14 3 0.0247698 3.06721e-30
2 14 4 0.306745 2.53767e-29
2 14 5 0.466351 6.10852e-30
2 14 6 0.961826 0
2 14 7 0.414182 5.2439e-29
2 14 8 0.15477 4.86481e-31
2 14 9 0.213207 3.32071e-30
2 14 10 0.366802 0
2 14 11 0.835104 7.37311e-31
2 14 12 0.593871 6.55619e-30
2 14 13 0.185374 0
2 14 14 0.579569 4.48039e-29
2 14 15 0.81746 2.01544e-31
2 14 16 0.0535769 0
2 14 17 0.467173 0
2 14 18 0.771369 4.23846e-31
2 14 19 0.394445 2.16829e-29
2 14 20 0.434124 0
2 14 21 0.325834 2.34434e-30
2 14 22 0.296776 1.20378e-30
2 15 0 0.910829 1.6752e-30
2 15 1 0.30169 1.07506e-30
2 15 2 0.510776 1.23795e-27
2 15 3 0.615407 3.06721e-30
2 15 4 0.150726 2.53767e-29
2 15 5 0.250785 6.10852e-30
2 15 6 0.942107 0
2 15 7 0.983965 5.2439e-29
2 15 8 0.503177 4.86481e-31
2 15 9 0.901082 3.32071e-30
2 15 10 0.490272 0
2 15 11 0.00233687 7.37311e-31
2 15 12 0.275718 6.55619e-30
2 15 13 0.999875 0
2 15 14 0.903613 4.48039e-29
2 15 15 0.0249924 2.01544e-31
2 15 16 0.0471862 0
2 15 17 0.0583627 0
2 15 18 0.902252 4.23846e-31
2 15 19 0.154432 2.16829e-29
2 15 20 0.535012 0
2 15 21 0.93921 2.34434e-30
2 15 22 0.30614 1.20378e-30
2 16 0 0.291507 1.6752e-30
2 16 1 0.366519 1.07506e-30
2 16 2 0.0917451 1.23795e-27
2 16 3 0.96046 3.06721e-30
2 16 4 0.44533 2.53767e-29
2 16 5 0.659514 6.10852e-30
2 16 6 0.446813 0
2 16 7 0.583682 5.2439e-29
2 16 8 0.948445 4.86481e-31
2 16 9 0.516957 3.32071e-30
2 16 10 0.504574 0
2 16 11 0.37191 7.37311e-31
2 16 12 0.687722 6.55619e-30
2 16 13 0.538491 0
2 16 14 0.419649 4.48039e-29
2 16 15 0.0443746 2.01544e-31
2 16 16 0.803778 0
2 16 17 0.100432 0
2 16 18 0.958921 4.23846e-31
2 16 19 0.580275 2.16829e-29
2 16 20 0.684991 0
2 16 21 0.641703 2.34434e-30
2 16 22 0.108694 1.20378e-30
2 17 0 0.816211 1.6752e-30
2 17 1 0.0604292 1.07506e-30
2 17 2 0.634231 1.23795e-27
2 17 3 0.52372 3.06721e-30
2 17 4 0.167929 2.53767e-29
2 17 5 0.374412 6.10852e-30
2 17 6 0.743836 0
2 17 7 0.652982 5.2439e-29
2 17 8 0.670025 4.86481e-31
2 17 9 0.115234 3.32071e-30
2 17 10 0.739727 0
2 17 11 0.59933 7.37311e-31
2 17 12 0.931529 6.55619e-30
2 17 13 0.214022 0
2 17 14 0.0611399 4.48039e-29
2 17 15 0.579126 2.01544e-31
2 17 16 0.362883 0
2 17 17 0.968059 0
2 17 18 0.175809 4.23846e-31
2 17 19 0.813962 2.16829e-29
2 17 20 0.264646 0
2 17 21 0.903943 2.34434e-30
2 17 22 0.564113 1.20378e-30
2 18 0 0.0482823 1.6752e-30
2 18 1 0.480752 1.07506e-30
2 18 2 0.991771 1.23795e-27
2 18 3 0.699477 3.06721e-30
2 18 4 0.118094 2.53767e-29
2 18 5 0.813381 6.10852e-30
2 18 6 0.488368 0
2 18 7 0.00203477 5.2439e-29
2 18 8 0.198314 4.86481e-31
2 18 9 0.0705907 3.32071e-30
2 18 10 0.417207 0
2 18 11 6.26594e-06 7.37311e-31
2 18 12 0.105312 6.55619e-30
2 18 13 0.972477 0
2 18 14 0.425215 4.48039e-29
2 18 15 0.596175 2.01544e-31
2 18 16 0.915947 0
2 18 17 0.314811 0
2 18 18 0.0323558 4.23846e-31
2 18 19 0.80363 2.16829e-29
2 18 20 0.612437 0
2 18 21 0.227608 2.34434e-30
2 18 22 0.403955 1.20378e-30
2 19 0 0.266703 1.6752e-30
2 19 1 0.469697 1.07506e-30
2 19 2 0.202319 1.23795e-27
2 19 3 0.379761 3.06721e-30
2 19 4 0.645802 2.53767e-29
2 19 5 0.986112 6.10852e-30
2 19 6 0.586794 0
2 19 7 0.240997 5.2439e-29
2 19 8 0.429148 4.86481e-31
2 19 9 0.691272 3.32071e-30
2 19 10 0.213618 0
2 19 11 0.269706 7.37311e-31
2 19 12 0.953473 6.55619e-30
2 19 13 0.0216787 0
2 19 14 0.353631 4.48039e-29
2 19 15 0.47957 2.01544e-31
2 19 16 0.133557 0
2 19 17 0.687346 0
2 19 18 0.220639 4.23846e-31
2 19 19 0.277095 2.16829e-29
2 19 20 0.136822 0
2 19 21 0.567483 2.34434e-30
2 19 22 0.682496 1.20378e-30
2 20 0 0.717839 1.6752e-30
2 20 1 0.719747 1.07506e-30
2 20 2 0.784569 1.23795e-27
2 20 3 0.259499 3.06721e-30
2 20 4 0.39906 2.53767e-29
2 20 5 0.997153 6.10852e-30
2 20 6 0.155245 0
2 20 7 0.196651 5.2439e-29
2 20 8 0.118353 4.86481e-31
2 20 9 0.156116 3.32071e-30
2 20 10 0.833942 0
2 20 11 0.061241 7.37311e-31
2 20 12 0.276767 6.55619e-30
2 20 13 0.619122 0
2 20 14 0.585313 4.48039e-29
2 20 15 0.351874 2.01544e-31
2 20 16 0.953731 0
2 20 17 0.35863 0
2 20 18 0.49278 4.23846e-31
2 20 19 0.146443 2.16829e-29
2 20 20 0.269562 0
2 20 21 0.520889 2.34434e-30
2 20 22 0.577906 1.20378e-30
2 21 0 0.862992 1.6752e-30
2 21 1 0.304216 1.07506e-30
2 21 2 0.953591 1.23795e-27
2 21 3 0.0120105 3.06721e-30
2 21 4 0.860072 2.53767e-29
2 21 5 0.224663 6.10852e-30
2 21 6 0.907256 0
2 21 7 0.256259 5.2439e-29
2 21 8 0.950273 4.86481e-31
2 21 9 0.240489 3.32071e-30
2 21 10 0.901834 0
2 21 11 0.115747 7.37311e-31
2 21 12 0.367556 6.55619e-30
2 21 13 0.514668 0
2 21 14 0.0167438 4.48039e-29
2 21 15 0.412705 2.01544e-31
2 21 16 0.327499 0
2 21 17 0.28093 0
2 21 18 0.583021 4.23846e-31
2 21 19 0.826259 2.16829e-29
2 21 20 0.930085 0
2 21 21 0.935912 2.34434e-30
2 21 22 0.872381 1.20378e-30
2 22 0 0.109592 1.6752e-30
2 22 1 0.916494 1.07506e-30
2 22 2 0.515788 1.23795e-27
2 22 3 0.854533 3.06721e-30
2 22 4 0.133405 2.53767e-29
2 22 5 0.136231 6.10852e-30
2 22 6 0.637065 0
2 22 7 0.143851 5.2439e-29
2 22 8 0.70522 4.86481e-31
2 22 9 0.627707 3.32071e-30
2 22 10 0.870284 0
2 22 11 0.866559 7.37311e-31
2 22 12 0.261178 6.55619e-30
2 22 13 0.610937 0
2 22 14 0.0243665 4.48039e-29
2 22 15 0.527873 2.01544e-31
2 22 16 0.958849 0
2 22 17 0.367164 0
2 22 18 0.933215 4.23846e-31
2 22 19 0.549947 2.16829e-29
2 22 20 0.962295 0
2 22 21 0.296111 2.34434e-30
2 22 22 0.729671 1.20378e-30
2 23 0 0.577584 1.6752e-30
2 23 1 0.456012 1.07506e-30
2 23 2 0.187135 1.23795e-27
2 23 3 0.171463 3.06721e-30
2 23 4 0.771319 2.53767e-29
2 23 5 0.557062 6.10852e-30
2 23 6 0.548482 0
2 23 7 0.334386 5.2439e-29
2 23 8 0.0259106 4.86481e-31
2 23 9 0.480262 3.32071e-30
2 23 10 0.763549 0
2 23 11 0.972064 7.37311e-31
2 23 12 0.485026 6.55619e-30
2 23 13 0.831783 0
2 23 14 0.784384 4.48039e-29
2 23 15 0.137325 2.01544e-31
2 23 16 0.0292358 0
2 23 17 0.36597 0
2 23 18 0.858116 4.23846e-31
2 23 19 0.36263 2.16829e-29
2 23 20 0.730151 0
2 23 21 0.647369 2.34434e-30
2 23 22 0.332442 1.20378e-30
2 24 0 0.346061 1.6752e-30
2 24 1 0.239789 1.07506e-30
2 24 2 0.135349 1.23795e-27
2 24 3 0.812004 3.06721e-30
2 24 4 0.34635 2.53767e-29
2 24 5 0.101678 6.10852e-30
2 24 6 0.908562 0
2 24 7 0.194652 5.2439e-29
2 24 8 0.522653 4.86481e-31
2 24 9 0.232136 3.32071e-30
2 24 10 0.515333 0
2 24 11 0.204093 7.37311e-31
2 24 12 0.183201 6.55619e-30
2 24 13 0.0660737 0
2 24 14 0.501457 4.48039e-29
2 24 15 0.981169 2.01544e-31
2 24 16 0.502441 0
2 24 17 0.52742 0
2 24 18 0.353386 4.23846e-31
2 24 19 0.364629 2.16829e-29
2 24 20 0.326845 0
2 24 21 0.276647 2.34434e-30
2 24 22 0.612926 1.20378e-30
2 25 0 0.451776 1.6752e-30
2 25 1 0.994794 1.07506e-30
2 25 2 0.496214 1.23795e-27
2 25 3 0.870526 3.06721e-30
2 25 4 0.932875 2.53767e-29
2 25 5 0.823612 6.10852e-30
2 25 6 0.445769 0
2 25 7 0.0388094 5.2439e-29
2 25 8 0.270346 4.86481e-31
2 25 9 0.707452 3.32071e-30
2 25 10 0.150233 0
2 25 11 0.9587 7.37311e-31
2 25 12 0.866342 6.55619e-30
2 25 13 0.611468 0
2 25 14 0.936504 4.48039e-29
2 25 15 0.816441 2.01544e-31
2 25 16 0.918602 0
2 25 17 0.94919 0
2 25 18 0.0350082 4.23846e-31
2 25 19 0.382113 2.16829e-29
2 25 20 0.172206 0
2 25 21 0.272879 2.34434e-30
2 25 22 0.284482 1.20378e-30
2 26 0 0.288365 1.6752e-30
2 26 1 0.543716 1.07506e-30
2 26 2 0.231332 1.23795e-27
2 26 3 0.00197179 3.06721e-30
2 26 4 0.139884 2.53767e-29
2 26 5 0.03166 6.10852e-30
2 26 6 0.109039 0
2 26 7 0.614815 5.2439e-29
2 26 8 0.196891 4.86481e-31
2 26 9 0.151077 3.32071e-30
2 26 10 0.158363 0
2 26 11 0.610731 7.37311e-31
2 26 12 0.549318 6.55619e-30
2 26 13 0.382257 0
2 26 14 0.594898 4.48039e-29
2 26 15 0.452888 2.01544e-31
2 26 16 0.689994 0
2 26 17 0.729952 0
2 26 18 0.305893 4.23846e-31
2 26 19 0.142256 2.16829e-29
2 26 20 0.898144 0
2 26 21 0.107314 2.34434e-30
2 26 22 0.630569 1.20378e-30
2 27 0 0.968442 1.6752e-30
2 27 1 0.600412 1.07506e-30
2 27 2 0.131947 1.23795e-27
2 27 3 0.628793 3.06721e-30
2 27 4 0.128038 2.53767e-29
2 27 5 0.927167 6.10852e-30
2 27 6 0.892666 0
2 27 7 0.0298451 5.2439e-29
2 27 8 0.606931 4.86481e-31
2 27 9 0.684658 3.32071e-30
2 27 10 0.0388291 0
2 27 11 0.600775 7.37311e-31
2 27 12 0.232868 6.55619e-30
2 27 13 0.806936 0
2 27 14 0.16727 4.48039e-29
2 27 15 0.299106 2.01544e-31
2 27 16 0.0683144 0
2 27 17 0.1602 0
2 27 18 0.484787 4.23846e-31
2 27 19 0.812857 2.16829e-29
2 27 20 0.683257 0
2 27 21 0.49272 2.34434e-30
2 27 22 0.141342 1.20378e-30
2 28 0 0.529119 1.6752e-30
2 28 1 0.907386 1.07506e-30
2 28 2 0.434714 1.23795e-27
2 28 3 0.230527 3.06721e-30
2 28 4 0.470712 2.53767e-29
2 28 5 0.248754 6.10852e-30
2 28 6 0.810747 0
2 28 7 0.219152 5.2439e-29
2 28 8 0.289502 4.86481e-31
2 28 9 0.652955 3.32071e-30
2 28 10 0.208676 0
2 28 11 0.225699 7.37311e-31
2 28 12 0.317195 6.55619e-30
2 28 13 0.0913529 0
2 28 14 0.368418 4.48039e-29
2 28 15 0.00790594 2.01544e-31
2 28 16 0.875103 0
2 28 17 0.861796 0
2 28 18 0.198351 4.23846e-31
2 28 19 0.69123 2.16829e-29
2 28 20 0.495345 0
2 28 21 0.257662 2.34434e-30
2 28 22 0.519423 1.20378e-30
2 29 0 0.947171 1.6752e-30
2 29 1 0.10765 1.07506e-30
2 29 2 0.281286 1.23795e-27
2 29 3 0.566859 3.06721e-30
2 29 4 0.19909 2.53767e-29
2 29 5 0.113697 6.10852e-30
2 29 6 0.901877 0
2 29 7 0.850158 5.2439e-29
2 29 8 0.61052 4.86481e-31
2 29 9 0.00689164 3.32071e-30
2 29 10 0.827823 0
2 29 11 0.224729 7.37311e-31
2 29 12 0.019626 6.55619e-30
2 29 13 0.853626 0
2 29 14 0.890322 4.48039e-29
2 29 15 0.64239 2.01544e-31
2 29 16 0.642054 0
2 29 17 0.00385946 0
2 29 18 0.865903 4.23846e-31
2 29 19 0.235741 2.16829e-29
2 29 20 0.0942017 0
2 29 21 0.248698 2.34434e-30
2 29 22 0.861275 1.20378e-30
2 30 0 0.449308 1.6752e-30
2 30 1 0.518629 1.07506e-30
2 30 2 0.5949 1.23795e-27
2 30 3 0.485735 3.06721e-30
2 30 4 0.754091 2.53767e-29
2 30 5 0.00548941 6.10852e-30
2 30 6 0.260497 0
2 30 7 0.166352 5.2439e-29
2 30 8 0.869849 4.86481e-31
2 30 9 0.553569 3.32071e-30
2 30 10 0.825785 0
2 30 11 0.975457 7.37311e-31
2 30 12 0.506497 6.55619e-30
2 30 13 0.690166 0
2 30 14 0.619307 4.48039e-29
2 30 15 0.689595 2.01544e-31
2 30 16 0.0263147 0
2 30 17 0.271148 0
2 30 18 0.181557 4.23846e-31
2 30 19 0.420896 2.16829e-29
2 30 20 0.993945 0
2 30 21 0.234315 2.34434e-30
2 30 22 0.137646 1.20378e-30
2 31 0 0.421502 1.6752e-30
2 31 1 0.192009 1.07506e-30
2 31 2 0.10224 1.23795e-27
2 31 3 0.341074 3.06721e-30
2 31 4 0.430754 2.53767e-29
2 31 5 0.68028 6.10852e-30
2 31 6 0.461433 0
2 31 7 0.310742 5.2439e-29
2 31 8 0.632557 4.86481e-31
2 31 9 0.389645 3.32071e-30
2 31 10 0.757867 0
2 31 11 0.474292 7.37311e-31
2 31 12 0.4226 6.55619e-30
2 31 13 0.643278 0
2 31 14 0.566197 4.48039e-29
2 31 15 0.0697586 2.01544e-31
2 31 16 0.432824 0
2 31 17 0.465556 0
2 31 18 0.603059 4.23846e-31
2 31 19 0.615903 2.16829e-29
2 31 20 0.475158 0
2 31 21 0.972228 2.34434e-30
2 31 22 0.231401 1.20378e-30
2 32 0 0.151634 1.6752e-30
2 32 1 0.514811 1.07506e-30
2 32 2 0.431069 1.23795e-27
2 32 3 0.978818 3.06721e-30
2 32 4 0.990922 2.53767e-29
2 32 5 0.425526 6.10852e-30
2 32 6 0.817021 0
2 32 7 0.669812 5.2439e-29
2 32 8 0.535562 4.86481e-31
2 32 9 0.19696 3.32071e-30
2 32 10 0.303432 0
2 32 11 0.782289 7.37311e-31
2 32 12 0.938371 6.55619e-30
2 32 13 0.194742 0
2 32 14 0.0302937 4.48039e-29
2 32 15 0.145493 2.01544e-31
2 32 16 0.30218 0
2 32 17 0.730906 0
2 32 18 0.332748 4.23846e-31
2 32 19 0.487891 2.16829e-29
2 32 20 0.988146 0
2 32 21 0.764767 2.34434e-30
2 32 22 0.444876 1.20378e-30
2 33 0 0.0281228 1.6752e-30
2 33 1 0.659586 1.07506e-30
2 33 2 0.656879 1.23795e-27
2 33 3 0.167258 3.06721e-30
2 33 4 0.109731 2.53767e-29
2 33 5 0.248455 6.10852e-30
2 33 6 0.778219 0
2 33 7 0.527545 5.2439e-29
2 33 8 0.444013 4.86481e-31
2 33 9 0.527825 3.32071e-30
2 33 10 0.154141 0
2 33 11 0.651788 7.37311e-31
2 33 12 0.593987 6.55619e-30
2 33 13 0.143383 0
2 33 14 0.834945 4.48039e-29
2 33 15 0.912572 2.01544e-31
2 33 16 0.602232 0
2 33 17 0.707396 0
2 33 18 0.199563 4.23846e-31
2 33 19 0.063574 2.16829e-29
2 33 20 0.487855 0
2 33 21 0.379943 2.34434e-30
2 33 22 0.700175 1.20378e-30
2 34 0 0.844077 1.6752e-30
2 34 1 0.409071 1.07506e-30
2 34 2 0.252032 1.23795e-27
2 34 3 0.900591 3.06721e-30
2 34 4 0.236043 2.53767e-29
2 34 5 0.174854 6.10852e-30
2 34 6 0.766164 0
2 34 7 0.92389 5.2439e-29
2 34 8 0.814099 4.86481e-31
2 34 9 0.558907 3.32071e-30
2 34 10 0.548848 0
2 34 11 0.486288 7.37311e-31
2 34 12 0.041205 6.55619e-30
2 34 13 0.532563 0
2 34 14 0.782447 4.48039e-29
2 34 15 0.593498 2.01544e-31
2 34 16 0.915521 0
2 34 17 0.15827 0
2 34 18 0.0373486 4.23846e-31
2 34 19 0.718541 2.16829e-29
2 34 20 0.510704 0
2 34 21 0.406977 2.34434e-30
2 34 22 0.0585477 1.20378e-30
2 35 0 0.0110114 1.6752e-30
2 35 1 0.0684869 1.07506e-30
2 35 2 0.0586726 1.23795e-27
2 35 3 0.110012 3.06721e-30
2 35 4 0.977116 2.53767e-29
2 35 5 0.383664 6.10852e-30
2 35 6 0.240794 0
2 35 7 0.0191207 5.2439e-29
2 35 8 0.3616 4.86481e-31
2 35 9 0.418684 3.32071e-30
2 35 10 0.820726 0
2 35 11 0.94046 7.37311e-31
2 35 12 0.314604 6.55619e-30
2 35 13 0.5439 0
2 35 14 0.333783 4.48039e-29
2 35 15 0.89657 2.01544e-31
2 35 16 0.645655 0
2 35 17 0.530456 0
2 35 18 0.369621 4.23846e-31
2 35 19 0.225867 2.16829e-29
2 35 20 0.153205 0
2 35 21 0.913491 2.34434e-30
2 35 22 0.0466009 1.20378e-30
2 36 0 0.221611 1.6752e-30
2 36 1 0.607855 1.07506e-30
2 36 2 0.226309 1.23795e-27
2 36 3 0.567751 3.06721e-30
2 36 4 0.183222 2.53767e-29
2 36 5 0.416742 6.10852e-30
2 36 6 0.183592 0
2 36 7 0.633235 5.2439e-29
2 36 8 0.780252 4.86481e-31
2 36 9 0.69626 3.32071e-30
2 36 10 0.038689 0
2 36 11 0.245704 7.37311e-31
2 36 12 0.539349 6.55619e-30
2 36 13 0.831407 0
2 36 14 0.462822 4.48039e-29
2 36 15 0.64586 2.01544e-31
2 36 16 0.96476 0
2 36 17 0.729512 0
2 36 18 0.90851 4.23846e-31
2 36 19 0.334894 2.16829e-29
2 36 20 0.570475 0
2 36 21 0.965072 2.34434e-30
2 36 22 0.963741 1.20378e-30
3 0 0 0.591994 5.51527e-18
3 0 1 0.640747 8.02815e-19
3 0 2 0.0268041 1.95376e-16
3 0 3 0.49685 9.73462e-16
3 0 4 0.553802 6.92497e-18
3 0 5 0.74905 2.33052e-16
3 0 6 0.2902 5.34411e-16
3 0 7 0.387249 2.98983e-16
3 0 8 0.497498 4.7114e-19
3 0 9 0.442215 1.96706e-18
3 1 0 0.302191 5.51527e-18
3 1 1 0.927888 8.02815e-19
3 1 2 0.00733731 1.95376e-16
3 1 3 0.318246 9.73462e-16
3 1 4 0.753316 6.92497e-18
3 1 5 0.983366 2.33052e-16
3 1 6 0.428637 5.34411e-16
3 1 7 0.0940683 2.98983e-16
3 1 8 0.00564456 4.7114e-19
3 1 9 0.868118 1.96706e-18
3 2 0 0.452756 5.51527e-18
3 2 1 0.473519 8.02815e-19
3 2 2 0.439123 1.95376e-16
3 2 3 0.345015 9.73462e-16
3 2 4 0.672995 6.92497e-18
3 2 5 0.0199055 2.33052e-16
3 2 6 0.551991 5.34411e-16
3 2 7 0.312989 2.98983e-16
3 2 8 0.407436 4.7114e-19
3 2 9 0.782501 1.96706e-18
3 3 0 0.495659 5.51527e-18
3 3 1 0.539436 8.02815e-19
3 3 2 0.29497 1.95376e-16
3 3 3 0.555356 9.73462e-16
3 3 4 0.863532 6.92497e-18
3 3 5 0.374031 2.33052e-16
3 3 6 0.333977 5.34411e-16
3 3 7 0.152191 2.98983e-16
3 3 8 0.866305 4.7114e-19
3 3 9 0.987988 1.96706e-18
3 4 0 0.110149 5.51527e-18
3 4 1 0.274053 8.02815e-19
3 4 2 0.0144928 1.95376e-16
3 4 3 0.579989 9.73462e-16
3 4 4 0.870389 6.92497e-18
3 4 5 0.619807 2.33052e-16
3 4 6 0.0934018 5.34411e-16
3 4 7 0.804005 2.98983e-16
3 4 8 0.90962 4.7114e-19
3 4 9 0.978863 1.96706e-18
3 5 0 0.757851 5.51527e-18
3 5 1 0.208 8.02815e-19
3 5 2 0.849359 1.95376e-16
3 5 3 0.17219 9.73462e-16
3 5 4 0.995458 6.92497e-18
3 5 5 0.664506 2.33052e-16
3 5 6 0.346509 5.34411e-16
3 5 7 0.77249 2.98983e-16
3 5 8 0.231068 4.7114e-19
3 5 9 0.555694 1.96706e-18
3 6 0 0.549373 5.51527e-18
3 6 1 0.314041 8.02815e-19
3 6 2 0.0893411 1.95376e-16
3 6 3 0.555733 9.73462e-16
3 6 4 0.19875 6.92497e-18
3 6 5 0.398937 2.33052e-16
3 6 6 0.92974 5.34411e-16
3 6 7 0.133129 2.98983e-16
3 6 8 0.49474 4.7114e-19
3 6 9 0.0995039 1.96706e-18
3 7 0 0.362681 5.51527e-18
3 7 1 0.575281 8.02815e-19
3 7 2 0.755422 1.95376e-16
3 7 3 0.373159 9.73462e-16
3 7 4 0.680556 6.92497e-18
3 7 5 0.109921 2.33052e-16
3 7 6 0.443085 5.34411e-16
3 7 7 0.924886 2.98983e-16
3 7 8 0.552801 4.7114e-19
3 7 9 0.924063 1.96706e-18
3 8 0 0.72093 5.51527e-18
3 8 1 0.66649 8.02815e-19
3 8 2 0.699591 1.95376e-16
3 8 3 0.0250363 9.73462e-16
3 8 4 0.784688 6.92497e-18
3 8 5 0.258753 2.33052e-16
3 8 6 0.858579 5.34411e-16
3 8 7 0.132313 2.98983e-16
3 8 8 0.790095 4.7114e-19
3 8 9 0.120215 1.96706e-18
3 9 0 0.46146 5.51527e-18
3 9 1 0.750372 8.02815e-19
3 9 2 0.504731 1.95376e-16
3 9 3 0.00740833 9.73462e-16
3 9 4 0.511728 6.92497e-18
3 9 5 0.608319 2.33052e-16
3 9 6 0.0169739 5.34411e-16
3 9 7 0.280504 2.98983e-16
3 9 8 0.433937 4.7114e-19
3 9 9 0.186764 1.96706e-18
3 10 0 0.936867 5.51527e-18
3 10 1 0.927755 8.02815e-19
3 10 2 0.778927 1.95376e-16
3 10 3 0.43229 9.73462e-16
3 10 4 0.494322 6.92497e-18
3 10 5 0.0726531 2.33052e-16
3 10 6 0.0803609 5.34411e-16
3 10 7 0.625986 2.98983e-16
3 10 8 0.945025 4.7114e-19
3 10 9 0.038419 1.96706e-18
3 11 0 0.707826 5.51527e-18
3 11 1 0.430565 8.02815e-19
3 11 2 0.509098 1.95376e-16
3 11 3 0.40198 9.73462e-16
3 11 4 0.0790307 6.92497e-18
3 11 5 0.268303 2.33052e-16
3 11 6 0.367183 5.34411e-16
3 11 7 0.247241 2.98983e-16
3 11 8 0.372159 4.7114e-19
3 11 9 0.870243 1.96706e-18
3 12 0 0.174004 5.51527e-18
3 12 1 0.482305 8.02815e-19
3 12 2 0.0959763 1.95376e-16
3 12 3 0.0741926 9.73462e-16
3 12 4 0.955034 6.92497e-18
3 12 5 0.26045 2.33052e-16
3 12 6 0.389076 5.34411e-16
3 12 7 0.19442 2.98983e-16
3 12 8 0.610995 4.7114e-19
3 12 9 0.987933 1.96706e-18
3 13 0 0.197273 5.51527e-18
3 13 1 0.574907 8.02815e-19
3 13 2 0.454107 1.95376e-16
3 13 3 0.169951 9.73462e-16
3 13 4 0.36705 6.92497e-18
3 13 5 0.00135434 2.33052e-16
3 13 6 0.762322 5.34411e-16
3 13 7 0.344565 2.98983e-16
3 13 8 0.0975465 4.7114e-19
3 13 9 0.464788 1.96706e-18
3 14 0 0.692031 5.51527e-18
3 14 1 0.962945 8.02815e-19
3 14 2 0.220423 1.95376e-16
3 14 3 0.646646 9.73462e-16
3 14 4 0.176885 6.92497e-18
3 14 5 0.904255 2.33052e-16
3 14 6 0.811201 5.34411e-16
3 14 7 0.848352 2.98983e-16
3 14 8 0.246148 4.7114e-19
3 14 9 0.0102676 1.96706e-18
3 15 0 0.567826 5.51527e-18
3 15 1 0.458099 8.02815e-19
3 15 2 0.264742 1.95376e-16
3 15 3 0.512551 9.73462e-16
3 15 4 0.446475 6.92497e-18
3 15 5 0.89939 2.33052e-16
3 15 6 0.0529167 5.34411e-16
3 15 7 0.371447 2.98983e-16
3 15 8 0.913758 4.7114e-19
3 15 9 0.527377 1.96706e-18
3 16 0 0.630692 5.51527e-18
3 16 1 0.0337345 8.02815e-19
3 16 2 0.975788 1.95376e-16
3 16 3 0.0648155 9.73462e-16
3 16 4 0.353456 6.92497e-18
3 16 5 0.541551 2.33052e-16
3 16 6 0.847888 5.34411e-16
3 16 7 0.449394 2.98983e-16
3 16 8 0.961115 4.7114e-19
3 16 9 0.456171 1.96706e-18
3 17 0 0.858274 5.51527e-18
3 17 1 0.0185558 8.02815e-19
3 17 2 0.867784 1.95376e-16
3 17 3 0.847088 9.73462e-16
3 17 4 0.00661062 6.92497e-18
3 17 5 0.10468 2.33052e-16
3 17 6 0.353425 5.34411e-16
3 17 7 0.00812916 2.98983e-16
3 17 8 0.626861 4.7114e-19
3 17 9 0.657449 1.96706e-18
3 18 0 0.744073 5.51527e-18
3 18 1 0.63957 8.02815e-19
3 18 2 0.257012 1.95376e-16
3 18 3 0.598648 9.73462e-16
3 18 4 0.485276 6.92497e-18
3 18 5 0.0419553 2.33052e-16
3 18 6 0.142902 5.34411e-16
3 18 7 0.753584 2.98983e-16
3 18 8 0.491754 4.7114e-19
3 18 9 0.903034 1.96706e-18
3 19 0 0.295524 5.51527e-18
3 19 1 0.872789 8.02815e-19
3 19 2 0.967996 1.95376e-16
3 19 3 0.111 9.73462e-16
3 19 4 0.571734 6.92497e-18
3 19 5 0.13814 2.33052e-16
3 19 6 0.718894 5.34411e-16
3 19 7 0.450394 2.98983e-16
3 19 8 0.775146 4.7114e-19
3 19 9 0.872537 1.96706e-18
3 20 0 0.731582 5.51527e-18
3 20 1 0.706278 8.02815e-19
3 20 2 0.41083 1.95376e-16
3 20 3 0.82173 9.73462e-16
3 20 4 0.813283 6.92497e-18
3 20 5 0.842835 2.33052e-16
3 20 6 0.524389 5.34411e-16
3 20 7 0.401296 2.98983e-16
3 20 8 0.587103 4.7114e-19
3 20 9 0.441705 1.96706e-18
3 21 0 0.736285 5.51527e-18
3 21 1 0.739529 8.02815e-19
3 21 2 0.271432 1.95376e-16
3 21 3 0.959406 9.73462e-16
3 21 4 0.741339 6.92497e-18
3 21 5 0.686644 2.33052e-16
3 21 6 0.425502 5.34411e-16
3 21 7 0.413509 2.98983e-16
3 21 8 0.844531 4.7114e-19
3 21 9 0.0363607 1.96706e-18
3 22 0 0.113458 5.51527e-18
3 22 1 0.890206 8.02815e-19
3 22 2 0.684561 1.95376e-16
3 22 3 0.412048 9.73462e-16
3 22 4 0.28767 6.92497e-18
3 22 5 0.866202 2.33052e-16
3 22 6 0.249164 5.34411e-16
3 22 7 0.702068 2.98983e-16
3 22 8 0.661595 4.7114e-19
3 22 9 0.421433 1.96706e-18
3 23 0 0.0190167 5.51527e-18
3 23 1 0.613166 8.02815e-19
3 23 2 0.482199 1.95376e-16
3 23 3 0.324932 9.73462e-16
3 23 4 0.125038 6.92497e-18
3 23 5 0.515464 2.33052e-16
3 23 6 0.404797 5.34411e-16
3 23 7 0.425387 2.98983e-16
3 23 8 0.482227 4.7114e-19
3 23 9 0.790702 1.96706e-18
4 0 0 0.333181 1.13813e-07
4 0 1 0.854984 8.61815e-09
4 0 2 0.0499591 2.0604e-08
4 0 3 0.00140033 1.68783e-07
4 0 4 0.40019 2.25103e-08
4 1 0 0.556704 1.13813e-07
4 1 1 0.609299 8.61815e-09
4 1 2 0.821865 2.0604e-08
4 1 3 0.427827 1.68783e-07
4 1 4 0.361032 2.25103e-08
4 2 0 0.426591 1.13813e-07
4 2 1 0.797571 8.61815e-09
4 2 2 0.0991935 2.0604e-08
4 2 3 0.483704 1.68783e-07
4 2 4 0.475927 2.25103e-08
4 3 0 0.474177 1.13813e-07
4 3 1 0.56897 8.61815e-09
4 3 2 0.0130745 2.0604e-08
4 3 3 0.0808272 1.68783e-07
4 3 4 0.326995 2.25103e-08
4 4 0 0.380208 1.13813e-07
4 4 1 0.241346 8.61815e-09
4 4 2 0.635961 2.0604e-08
4 4 3 0.942782 1.68783e-07
4 4 4 0.193661 2.25103e-08
4 5 0 0.43339 1.13813e-07
4 5 1 0.0596349 8.61815e-09
4 5 2 0.610951 2.0604e-08
4 5 3 0.591361 1.68783e-07
4 5 4 0.86686 2.25103e-08
4 6 0 0.885448 1.13813e-07
4 6 1 0.798625 8.61815e-09
4 6 2 0.81512 2.0604e-08
4 6 3 0.0517005 1.68783e-07
4 6 4 0.795354 2.25103e-08
4 7 0 0.0858013 1.13813e-07
4 7 1 0.142921 8.61815e-09
4 7 2 0.40643 2.0604e-08
4 7 3 0.214983 1.68783e-07
4 7 4 0.0773928 2.25103e-08
4 8 0 0.310388 1.13813e-07
4 8 1 0.774456 8.61815e-09
4 8 2 0.608609 2.0604e-08
4 8 3 0.230922 1.68783e-07
4 8 4 0.970428 2.25103e-08
4 9 0 0.554222 1.13813e-07
4 9 1 0.885954 8.61815e-09
4 9 2 0.562588 2.0604e-08
4 9 3 0.760146 1.68783e-07
4 9 4 0.635131 2.25103e-08
4 10 0 0.220809 1.13813e-07
4 10 1 0.224317 8.61815e-09
4 10 2 0.416622 2.0604e-08
4 10 3 0.498854 1.68783e-07
4 10 4 0.103658 2.25103e-08
5 0 0 0.860256 0.000186602
5 0 1 0.53926 4.93365e-05
5 0 2 1.10283 5.6597e-05
5 0 3 0.773962 8.29274e-05
5 0 4 0.213348 2.08945e-05
5 1 0 0.890822 0.000186633
5 1 1 0.927514 4.93446e-05
5 1 2 0.223835 5.66064e-05
5 1 3 0.950477 8.29411e-05
5 1 4 0.910478 2.0898e-05
5 2 0 0.293011 0.00018662
5 2 1 0.661194 4.93411e-05
5 2 2 0.298442 5.66024e-05
5 2 3 0.0681502 8.29353e-05
5 2 4 0.633866 2.08965e-05
5 3 0 0.383688 0.000186564
5 3 1 0.24577 4.93265e-05
5 3 2 0.755694 5.65856e-05
5 3 3 0.970697 8.29108e-05
5 3 4 0.734559 2.08903e-05
5 4 0 0.195456 0.000186624
5 4 1 1.01546 4.93423e-05
5 4 2 0.321215 5.66037e-05
5 4 3 0.75455 8.29373e-05
5 4 4 0.963745 2.0897e-05
5 5 0 0.62579 0.000186635
5 5 1 0.513576 4.93453e-05
5 5 2 1.13293 5.66071e-05
5 5 3 0.128377 8.29422e-05
5 5 4 0.874044 2.08983e-05
